( 0 , 0 ) (0, 0, 0)
( 0 , 1 ) (0, 0, 0)
( 0 , 2 ) (0, 0, 0)
( 0 , 3 ) (0, 0, 0)
( 0 , 4 ) (0, 0, 0)
( 0 , 5 ) (0, 0, 0)
( 0 , 6 ) (0, 0, 0)
( 0 , 7 ) (0, 0, 0)
( 0 , 8 ) (0, 0, 0)
( 0 , 9 ) (0, 0, 0)
( 0 , 10 ) (0, 0, 0)
( 0 , 11 ) (0, 0, 0)
( 0 , 12 ) (0, 0, 0)
( 0 , 13 ) (0, 0, 0)
( 0 , 14 ) (0, 0, 0)
( 0 , 15 ) (0, 0, 0)
( 0 , 16 ) (0, 0, 0)
( 0 , 17 ) (0, 0, 0)
( 0 , 18 ) (0, 0, 0)
( 0 , 19 ) (0, 0, 0)
( 0 , 20 ) (0, 0, 0)
( 0 , 21 ) (0, 0, 0)
( 0 , 22 ) (0, 0, 0)
( 0 , 23 ) (0, 0, 0)
( 0 , 24 ) (0, 0, 0)
( 0 , 25 ) (0, 0, 0)
( 0 , 26 ) (0, 0, 0)
( 0 , 27 ) (0, 0, 0)
( 0 , 28 ) (0, 0, 0)
( 0 , 29 ) (0, 0, 0)
( 0 , 30 ) (0, 0, 0)
( 0 , 31 ) (0, 0, 0)
( 0 , 32 ) (0, 0, 0)
( 0 , 33 ) (0, 0, 0)
( 0 , 34 ) (0, 0, 0)
( 0 , 35 ) (0, 0, 0)
( 0 , 36 ) (0, 0, 0)
( 0 , 37 ) (0, 0, 0)
( 0 , 38 ) (0, 0, 0)
( 0 , 39 ) (0, 0, 0)
( 0 , 40 ) (0, 0, 0)
( 0 , 41 ) (0, 0, 0)
( 0 , 42 ) (0, 0, 0)
( 0 , 43 ) (0, 0, 0)
( 0 , 44 ) (0, 0, 0)
( 0 , 45 ) (0, 0, 0)
( 0 , 46 ) (0, 0, 0)
( 0 , 47 ) (0, 0, 0)
( 1 , 0 ) (0, 0, 0)
( 1 , 1 ) (0, 0, 0)
( 1 , 2 ) (0, 0, 0)
( 1 , 3 ) (0, 0, 0)
( 1 , 4 ) (0, 0, 0)
( 1 , 5 ) (0, 0, 0)
( 1 , 6 ) (0, 0, 0)
( 1 , 7 ) (0, 0, 0)
( 1 , 8 ) (0, 0, 0)
( 1 , 9 ) (0, 0, 0)
( 1 , 10 ) (0, 0, 0)
( 1 , 11 ) (0, 0, 0)
( 1 , 12 ) (0, 0, 0)
( 1 , 13 ) (0, 0, 0)
( 1 , 14 ) (0, 0, 0)
( 1 , 15 ) (0, 0, 0)
( 1 , 16 ) (0, 0, 0)
( 1 , 17 ) (0, 0, 0)
( 1 , 18 ) (0, 0, 0)
( 1 , 19 ) (0, 0, 0)
( 1 , 20 ) (0, 0, 0)
( 1 , 21 ) (0, 0, 0)
( 1 , 22 ) (0, 0, 0)
( 1 , 23 ) (0, 0, 0)
( 1 , 24 ) (0, 0, 0)
( 1 , 25 ) (0, 0, 0)
( 1 , 26 ) (0, 0, 0)
( 1 , 27 ) (0, 0, 0)
( 1 , 28 ) (0, 0, 0)
( 1 , 29 ) (0, 0, 0)
( 1 , 30 ) (0, 0, 0)
( 1 , 31 ) (0, 0, 0)
( 1 , 32 ) (0, 0, 0)
( 1 , 33 ) (0, 0, 0)
( 1 , 34 ) (0, 0, 0)
( 1 , 35 ) (0, 0, 0)
( 1 , 36 ) (0, 0, 0)
( 1 , 37 ) (0, 0, 0)
( 1 , 38 ) (0, 0, 0)
( 1 , 39 ) (0, 0, 0)
( 1 , 40 ) (0, 0, 0)
( 1 , 41 ) (0, 0, 0)
( 1 , 42 ) (0, 0, 0)
( 1 , 43 ) (0, 0, 0)
( 1 , 44 ) (0, 0, 0)
( 1 , 45 ) (0, 0, 0)
( 1 , 46 ) (0, 0, 0)
( 1 , 47 ) (0, 0, 0)
( 2 , 0 ) (0, 0, 0)
( 2 , 1 ) (0, 0, 0)
( 2 , 2 ) (0, 0, 0)
( 2 , 3 ) (0, 0, 0)
( 2 , 4 ) (0, 0, 0)
( 2 , 5 ) (0, 0, 0)
( 2 , 6 ) (0, 0, 0)
( 2 , 7 ) (0, 0, 0)
( 2 , 8 ) (0, 0, 0)
( 2 , 9 ) (0, 0, 0)
( 2 , 10 ) (0, 0, 0)
( 2 , 11 ) (0, 0, 0)
( 2 , 12 ) (0, 0, 0)
( 2 , 13 ) (0, 0, 0)
( 2 , 14 ) (0, 0, 0)
( 2 , 15 ) (0, 0, 0)
( 2 , 16 ) (0, 0, 0)
( 2 , 17 ) (0, 0, 0)
( 2 , 18 ) (0, 0, 0)
( 2 , 19 ) (0, 0, 0)
( 2 , 20 ) (0, 0, 0)
( 2 , 21 ) (0, 0, 0)
( 2 , 22 ) (0, 0, 0)
( 2 , 23 ) (0, 0, 0)
( 2 , 24 ) (0, 0, 0)
( 2 , 25 ) (0, 0, 0)
( 2 , 26 ) (0, 0, 0)
( 2 , 27 ) (0, 0, 0)
( 2 , 28 ) (0, 0, 0)
( 2 , 29 ) (0, 0, 0)
( 2 , 30 ) (0, 0, 0)
( 2 , 31 ) (0, 0, 0)
( 2 , 32 ) (0, 0, 0)
( 2 , 33 ) (0, 0, 0)
( 2 , 34 ) (0, 0, 0)
( 2 , 35 ) (0, 0, 0)
( 2 , 36 ) (0, 0, 0)
( 2 , 37 ) (0, 0, 0)
( 2 , 38 ) (0, 0, 0)
( 2 , 39 ) (0, 0, 0)
( 2 , 40 ) (0, 0, 0)
( 2 , 41 ) (0, 0, 0)
( 2 , 42 ) (0, 0, 0)
( 2 , 43 ) (0, 0, 0)
( 2 , 44 ) (0, 0, 0)
( 2 , 45 ) (0, 0, 0)
( 2 , 46 ) (0, 0, 0)
( 2 , 47 ) (0, 0, 0)
( 3 , 0 ) (0, 0, 0)
( 3 , 1 ) (0, 0, 0)
( 3 , 2 ) (0, 0, 0)
( 3 , 3 ) (0, 0, 0)
( 3 , 4 ) (0, 0, 0)
( 3 , 5 ) (0, 0, 0)
( 3 , 6 ) (0, 0, 0)
( 3 , 7 ) (0, 0, 0)
( 3 , 8 ) (0, 0, 0)
( 3 , 9 ) (0, 0, 0)
( 3 , 10 ) (0, 0, 0)
( 3 , 11 ) (0, 0, 0)
( 3 , 12 ) (0, 0, 0)
( 3 , 13 ) (0, 0, 0)
( 3 , 14 ) (0, 0, 0)
( 3 , 15 ) (0, 0, 0)
( 3 , 16 ) (0, 0, 0)
( 3 , 17 ) (0, 0, 0)
( 3 , 18 ) (0, 0, 0)
( 3 , 19 ) (0, 0, 0)
( 3 , 20 ) (0, 0, 0)
( 3 , 21 ) (0, 0, 0)
( 3 , 22 ) (0, 0, 0)
( 3 , 23 ) (0, 0, 0)
( 3 , 24 ) (0, 0, 0)
( 3 , 25 ) (0, 0, 0)
( 3 , 26 ) (0, 0, 0)
( 3 , 27 ) (0, 0, 0)
( 3 , 28 ) (0, 0, 0)
( 3 , 29 ) (0, 0, 0)
( 3 , 30 ) (0, 0, 0)
( 3 , 31 ) (0, 0, 0)
( 3 , 32 ) (0, 0, 0)
( 3 , 33 ) (0, 0, 0)
( 3 , 34 ) (0, 0, 0)
( 3 , 35 ) (0, 0, 0)
( 3 , 36 ) (0, 0, 0)
( 3 , 37 ) (0, 0, 0)
( 3 , 38 ) (0, 0, 0)
( 3 , 39 ) (0, 0, 0)
( 3 , 40 ) (0, 0, 0)
( 3 , 41 ) (0, 0, 0)
( 3 , 42 ) (0, 0, 0)
( 3 , 43 ) (0, 0, 0)
( 3 , 44 ) (0, 0, 0)
( 3 , 45 ) (0, 0, 0)
( 3 , 46 ) (0, 0, 0)
( 3 , 47 ) (0, 0, 0)
( 4 , 0 ) (0, 0, 0)
( 4 , 1 ) (0, 0, 0)
( 4 , 2 ) (0, 0, 0)
( 4 , 3 ) (0, 0, 0)
( 4 , 4 ) (255, 193, 7)
( 4 , 5 ) (255, 193, 7)
( 4 , 6 ) (255, 193, 7)
( 4 , 7 ) (255, 193, 7)
( 4 , 8 ) (255, 193, 7)
( 4 , 9 ) (255, 193, 7)
( 4 , 10 ) (255, 193, 7)
( 4 , 11 ) (255, 193, 7)
( 4 , 12 ) (255, 193, 7)
( 4 , 13 ) (255, 193, 7)
( 4 , 14 ) (255, 193, 7)
( 4 , 15 ) (255, 193, 7)
( 4 , 16 ) (0, 0, 0)
( 4 , 17 ) (0, 0, 0)
( 4 , 18 ) (124, 179, 66)
( 4 , 19 ) (124, 179, 66)
( 4 , 20 ) (124, 179, 66)
( 4 , 21 ) (124, 179, 66)
( 4 , 22 ) (124, 179, 66)
( 4 , 23 ) (124, 179, 66)
( 4 , 24 ) (124, 179, 66)
( 4 , 25 ) (124, 179, 66)
( 4 , 26 ) (124, 179, 66)
( 4 , 27 ) (124, 179, 66)
( 4 , 28 ) (124, 179, 66)
( 4 , 29 ) (124, 179, 66)
( 4 , 30 ) (0, 0, 0)
( 4 , 31 ) (0, 0, 0)
( 4 , 32 ) (21, 101, 192)
( 4 , 33 ) (21, 101, 192)
( 4 , 34 ) (21, 101, 192)
( 4 , 35 ) (21, 101, 192)
( 4 , 36 ) (21, 101, 192)
( 4 , 37 ) (21, 101, 192)
( 4 , 38 ) (21, 101, 192)
( 4 , 39 ) (21, 101, 192)
( 4 , 40 ) (21, 101, 192)
( 4 , 41 ) (21, 101, 192)
( 4 , 42 ) (21, 101, 192)
( 4 , 43 ) (21, 101, 192)
( 4 , 44 ) (0, 0, 0)
( 4 , 45 ) (0, 0, 0)
( 4 , 46 ) (0, 0, 0)
( 4 , 47 ) (0, 0, 0)
( 5 , 0 ) (0, 0, 0)
( 5 , 1 ) (0, 0, 0)
( 5 , 2 ) (0, 0, 0)
( 5 , 3 ) (0, 0, 0)
( 5 , 4 ) (255, 193, 7)
( 5 , 5 ) (255, 193, 7)
( 5 , 6 ) (255, 193, 7)
( 5 , 7 ) (255, 193, 7)
( 5 , 8 ) (255, 193, 7)
( 5 , 9 ) (255, 193, 7)
( 5 , 10 ) (255, 193, 7)
( 5 , 11 ) (255, 193, 7)
( 5 , 12 ) (252, 185, 6)
( 5 , 13 ) (229, 122, 2)
( 5 , 14 ) (255, 193, 7)
( 5 , 15 ) (255, 193, 7)
( 5 , 16 ) (0, 0, 0)
( 5 , 17 ) (0, 0, 0)
( 5 , 18 ) (124, 179, 66)
( 5 , 19 ) (124, 179, 66)
( 5 , 20 ) (124, 179, 66)
( 5 , 21 ) (124, 179, 66)
( 5 , 22 ) (124, 179, 66)
( 5 , 23 ) (124, 179, 66)
( 5 , 24 ) (124, 179, 66)
( 5 , 25 ) (124, 179, 66)
( 5 , 26 ) (124, 179, 66)
( 5 , 27 ) (124, 179, 66)
( 5 , 28 ) (124, 179, 66)
( 5 , 29 ) (124, 179, 66)
( 5 , 30 ) (0, 0, 0)
( 5 , 31 ) (0, 0, 0)
( 5 , 32 ) (21, 101, 192)
( 5 , 33 ) (21, 101, 192)
( 5 , 34 ) (21, 101, 192)
( 5 , 35 ) (21, 101, 192)
( 5 , 36 ) (21, 101, 192)
( 5 , 37 ) (27, 104, 187)
( 5 , 38 ) (27, 104, 187)
( 5 , 39 ) (21, 101, 192)
( 5 , 40 ) (21, 101, 192)
( 5 , 41 ) (21, 101, 192)
( 5 , 42 ) (21, 101, 192)
( 5 , 43 ) (21, 101, 192)
( 5 , 44 ) (0, 0, 0)
( 5 , 45 ) (0, 0, 0)
( 5 , 46 ) (0, 0, 0)
( 5 , 47 ) (0, 0, 0)
( 6 , 0 ) (0, 0, 0)
( 6 , 1 ) (0, 0, 0)
( 6 , 2 ) (0, 0, 0)
( 6 , 3 ) (0, 0, 0)
( 6 , 4 ) (255, 193, 7)
( 6 , 5 ) (255, 193, 7)
( 6 , 6 ) (255, 193, 7)
( 6 , 7 ) (255, 193, 7)
( 6 , 8 ) (255, 193, 7)
( 6 , 9 ) (255, 193, 7)
( 6 , 10 ) (255, 193, 7)
( 6 , 11 ) (242, 157, 5)
( 6 , 12 ) (219, 96, 1)
( 6 , 13 ) (216, 87, 0)
( 6 , 14 ) (255, 193, 7)
( 6 , 15 ) (255, 193, 7)
( 6 , 16 ) (0, 0, 0)
( 6 , 17 ) (0, 0, 0)
( 6 , 18 ) (124, 179, 66)
( 6 , 19 ) (124, 179, 66)
( 6 , 20 ) (124, 179, 66)
( 6 , 21 ) (194, 220, 167)
( 6 , 22 ) (250, 252, 248)
( 6 , 23 ) (193, 219, 165)
( 6 , 24 ) (194, 220, 167)
( 6 , 25 ) (250, 252, 248)
( 6 , 26 ) (193, 219, 166)
( 6 , 27 ) (124, 179, 66)
( 6 , 28 ) (124, 179, 66)
( 6 , 29 ) (124, 179, 66)
( 6 , 30 ) (0, 0, 0)
( 6 , 31 ) (0, 0, 0)
( 6 , 32 ) (21, 101, 192)
( 6 , 33 ) (21, 101, 192)
( 6 , 34 ) (21, 101, 192)
( 6 , 35 ) (21, 101, 192)
( 6 , 36 ) (27, 104, 187)
( 6 , 37 ) (184, 165, 63)
( 6 , 38 ) (184, 165, 63)
( 6 , 39 ) (27, 104, 187)
( 6 , 40 ) (21, 101, 192)
( 6 , 41 ) (21, 101, 192)
( 6 , 42 ) (21, 101, 192)
( 6 , 43 ) (21, 101, 192)
( 6 , 44 ) (0, 0, 0)
( 6 , 45 ) (0, 0, 0)
( 6 , 46 ) (0, 0, 0)
( 6 , 47 ) (0, 0, 0)
( 7 , 0 ) (0, 0, 0)
( 7 , 1 ) (0, 0, 0)
( 7 , 2 ) (0, 0, 0)
( 7 , 3 ) (0, 0, 0)
( 7 , 4 ) (255, 193, 7)
( 7 , 5 ) (255, 193, 7)
( 7 , 6 ) (255, 193, 7)
( 7 , 7 ) (255, 193, 7)
( 7 , 8 ) (255, 193, 7)
( 7 , 9 ) (252, 185, 6)
( 7 , 10 ) (229, 122, 2)
( 7 , 11 ) (216, 87, 0)
( 7 , 12 ) (216, 87, 0)
( 7 , 13 ) (216, 87, 0)
( 7 , 14 ) (255, 193, 7)
( 7 , 15 ) (255, 193, 7)
( 7 , 16 ) (0, 0, 0)
( 7 , 17 ) (0, 0, 0)
( 7 , 18 ) (124, 179, 66)
( 7 , 19 ) (124, 179, 66)
( 7 , 20 ) (124, 179, 66)
( 7 , 21 ) (249, 252, 247)
( 7 , 22 ) (255, 255, 255)
( 7 , 23 ) (250, 252, 248)
( 7 , 24 ) (251, 253, 249)
( 7 , 25 ) (255, 255, 255)
( 7 , 26 ) (248, 251, 245)
( 7 , 27 ) (124, 179, 66)
( 7 , 28 ) (124, 179, 66)
( 7 , 29 ) (124, 179, 66)
( 7 , 30 ) (0, 0, 0)
( 7 , 31 ) (0, 0, 0)
( 7 , 32 ) (21, 101, 192)
( 7 , 33 ) (21, 101, 192)
( 7 , 34 ) (21, 101, 192)
( 7 , 35 ) (255, 193, 7)
( 7 , 36 ) (255, 193, 7)
( 7 , 37 ) (255, 193, 7)
( 7 , 38 ) (255, 193, 7)
( 7 , 39 ) (255, 193, 7)
( 7 , 40 ) (255, 193, 7)
( 7 , 41 ) (21, 101, 192)
( 7 , 42 ) (21, 101, 192)
( 7 , 43 ) (21, 101, 192)
( 7 , 44 ) (0, 0, 0)
( 7 , 45 ) (0, 0, 0)
( 7 , 46 ) (0, 0, 0)
( 7 , 47 ) (0, 0, 0)
( 8 , 0 ) (0, 0, 0)
( 8 , 1 ) (0, 0, 0)
( 8 , 2 ) (0, 0, 0)
( 8 , 3 ) (0, 0, 0)
( 8 , 4 ) (255, 193, 7)
( 8 , 5 ) (255, 193, 7)
( 8 , 6 ) (255, 193, 7)
( 8 , 7 ) (255, 193, 7)
( 8 , 8 ) (250, 179, 6)
( 8 , 9 ) (220, 96, 1)
( 8 , 10 ) (216, 87, 0)
( 8 , 11 ) (216, 87, 0)
( 8 , 12 ) (216, 87, 0)
( 8 , 13 ) (216, 87, 0)
( 8 , 14 ) (255, 193, 7)
( 8 , 15 ) (255, 193, 7)
( 8 , 16 ) (0, 0, 0)
( 8 , 17 ) (0, 0, 0)
( 8 , 18 ) (124, 179, 66)
( 8 , 19 ) (125, 179, 67)
( 8 , 20 ) (167, 204, 128)
( 8 , 21 ) (206, 227, 185)
( 8 , 22 ) (253, 254, 253)
( 8 , 23 ) (255, 234, 170)
( 8 , 24 ) (255, 231, 161)
( 8 , 25 ) (253, 253, 250)
( 8 , 26 ) (207, 227, 186)
( 8 , 27 ) (167, 204, 128)
( 8 , 28 ) (125, 179, 67)
( 8 , 29 ) (124, 179, 66)
( 8 , 30 ) (0, 0, 0)
( 8 , 31 ) (0, 0, 0)
( 8 , 32 ) (21, 101, 192)
( 8 , 33 ) (21, 101, 192)
( 8 , 34 ) (27, 104, 187)
( 8 , 35 ) (255, 193, 7)
( 8 , 36 ) (255, 209, 71)
( 8 , 37 ) (255, 242, 201)
( 8 , 38 ) (255, 242, 201)
( 8 , 39 ) (255, 209, 69)
( 8 , 40 ) (255, 193, 7)
( 8 , 41 ) (27, 104, 187)
( 8 , 42 ) (21, 101, 192)
( 8 , 43 ) (21, 101, 192)
( 8 , 44 ) (0, 0, 0)
( 8 , 45 ) (0, 0, 0)
( 8 , 46 ) (0, 0, 0)
( 8 , 47 ) (0, 0, 0)
( 9 , 0 ) (0, 0, 0)
( 9 , 1 ) (0, 0, 0)
( 9 , 2 ) (0, 0, 0)
( 9 , 3 ) (0, 0, 0)
( 9 , 4 ) (255, 193, 7)
( 9 , 5 ) (255, 193, 7)
( 9 , 6 ) (255, 193, 7)
( 9 , 7 ) (255, 193, 7)
( 9 , 8 ) (255, 193, 7)
( 9 , 9 ) (244, 164, 5)
( 9 , 10 ) (220, 98, 1)
( 9 , 11 ) (216, 87, 0)
( 9 , 12 ) (216, 87, 0)
( 9 , 13 ) (219, 92, 0)
( 9 , 14 ) (255, 193, 7)
( 9 , 15 ) (255, 193, 7)
( 9 , 16 ) (0, 0, 0)
( 9 , 17 ) (0, 0, 0)
( 9 , 18 ) (124, 179, 66)
( 9 , 19 ) (171, 206, 133)
( 9 , 20 ) (255, 255, 255)
( 9 , 21 ) (255, 255, 255)
( 9 , 22 ) (246, 230, 165)
( 9 , 23 ) (255, 193, 7)
( 9 , 24 ) (255, 193, 7)
( 9 , 25 ) (247, 224, 142)
( 9 , 26 ) (255, 255, 255)
( 9 , 27 ) (255, 255, 255)
( 9 , 28 ) (170, 206, 132)
( 9 , 29 ) (124, 179, 66)
( 9 , 30 ) (0, 0, 0)
( 9 , 31 ) (0, 0, 0)
( 9 , 32 ) (21, 101, 192)
( 9 , 33 ) (28, 104, 186)
( 9 , 34 ) (185, 165, 62)
( 9 , 35 ) (255, 193, 7)
( 9 , 36 ) (255, 242, 202)
( 9 , 37 ) (255, 248, 225)
( 9 , 38 ) (255, 248, 225)
( 9 , 39 ) (255, 242, 201)
( 9 , 40 ) (255, 193, 7)
( 9 , 41 ) (183, 165, 64)
( 9 , 42 ) (27, 103, 187)
( 9 , 43 ) (21, 101, 192)
( 9 , 44 ) (0, 0, 0)
( 9 , 45 ) (0, 0, 0)
( 9 , 46 ) (0, 0, 0)
( 9 , 47 ) (0, 0, 0)
( 10 , 0 ) (0, 0, 0)
( 10 , 1 ) (0, 0, 0)
( 10 , 2 ) (0, 0, 0)
( 10 , 3 ) (0, 0, 0)
( 10 , 4 ) (255, 193, 7)
( 10 , 5 ) (255, 193, 7)
( 10 , 6 ) (255, 193, 7)
( 10 , 7 ) (255, 193, 7)
( 10 , 8 ) (255, 193, 7)
( 10 , 9 ) (255, 193, 7)
( 10 , 10 ) (253, 186, 7)
( 10 , 11 ) (231, 129, 3)
( 10 , 12 ) (224, 100, 1)
( 10 , 13 ) (238, 124, 3)
( 10 , 14 ) (255, 193, 7)
( 10 , 15 ) (255, 193, 7)
( 10 , 16 ) (0, 0, 0)
( 10 , 17 ) (0, 0, 0)
( 10 , 18 ) (124, 179, 66)
( 10 , 19 ) (170, 206, 133)
( 10 , 20 ) (255, 255, 255)
( 10 , 21 ) (255, 255, 255)
( 10 , 22 ) (246, 230, 165)
( 10 , 23 ) (255, 193, 7)
( 10 , 24 ) (255, 193, 7)
( 10 , 25 ) (247, 224, 141)
( 10 , 26 ) (255, 255, 255)
( 10 , 27 ) (255, 255, 255)
( 10 , 28 ) (170, 206, 132)
( 10 , 29 ) (124, 179, 66)
( 10 , 30 ) (0, 0, 0)
( 10 , 31 ) (0, 0, 0)
( 10 , 32 ) (21, 101, 192)
( 10 , 33 ) (28, 104, 186)
( 10 , 34 ) (191, 168, 58)
( 10 , 35 ) (255, 193, 7)
( 10 , 36 ) (255, 242, 201)
( 10 , 37 ) (255, 248, 225)
( 10 , 38 ) (255, 248, 225)
( 10 , 39 ) (255, 242, 200)
( 10 , 40 ) (255, 193, 7)
( 10 , 41 ) (189, 168, 59)
( 10 , 42 ) (27, 103, 187)
( 10 , 43 ) (21, 101, 192)
( 10 , 44 ) (0, 0, 0)
( 10 , 45 ) (0, 0, 0)
( 10 , 46 ) (0, 0, 0)
( 10 , 47 ) (0, 0, 0)
( 11 , 0 ) (0, 0, 0)
( 11 , 1 ) (0, 0, 0)
( 11 , 2 ) (0, 0, 0)
( 11 , 3 ) (0, 0, 0)
( 11 , 4 ) (255, 193, 7)
( 11 , 5 ) (255, 193, 7)
( 11 , 6 ) (255, 223, 106)
( 11 , 7 ) (255, 246, 187)
( 11 , 8 ) (255, 222, 105)
( 11 , 9 ) (255, 193, 7)
( 11 , 10 ) (255, 191, 7)
( 11 , 11 ) (246, 154, 5)
( 11 , 12 ) (239, 126, 3)
( 11 , 13 ) (239, 126, 3)
( 11 , 14 ) (255, 193, 7)
( 11 , 15 ) (255, 193, 7)
( 11 , 16 ) (0, 0, 0)
( 11 , 17 ) (0, 0, 0)
( 11 , 18 ) (124, 179, 66)
( 11 , 19 ) (125, 179, 67)
( 11 , 20 ) (167, 204, 128)
( 11 , 21 ) (207, 227, 185)
( 11 , 22 ) (254, 254, 254)
( 11 , 23 ) (255, 234, 172)
( 11 , 24 ) (255, 232, 162)
( 11 , 25 ) (254, 253, 251)
( 11 , 26 ) (207, 227, 186)
( 11 , 27 ) (167, 204, 128)
( 11 , 28 ) (125, 179, 67)
( 11 , 29 ) (124, 179, 66)
( 11 , 30 ) (0, 0, 0)
( 11 , 31 ) (0, 0, 0)
( 11 , 32 ) (21, 101, 192)
( 11 , 33 ) (21, 101, 192)
( 11 , 34 ) (28, 104, 186)
( 11 , 35 ) (255, 193, 7)
( 11 , 36 ) (255, 209, 69)
( 11 , 37 ) (255, 242, 200)
( 11 , 38 ) (255, 242, 200)
( 11 , 39 ) (255, 209, 69)
( 11 , 40 ) (255, 193, 7)
( 11 , 41 ) (28, 104, 186)
( 11 , 42 ) (21, 101, 192)
( 11 , 43 ) (21, 101, 192)
( 11 , 44 ) (0, 0, 0)
( 11 , 45 ) (0, 0, 0)
( 11 , 46 ) (0, 0, 0)
( 11 , 47 ) (0, 0, 0)
( 12 , 0 ) (0, 0, 0)
( 12 , 1 ) (0, 0, 0)
( 12 , 2 ) (0, 0, 0)
( 12 , 3 ) (0, 0, 0)
( 12 , 4 ) (255, 193, 7)
( 12 , 5 ) (255, 193, 7)
( 12 , 6 ) (255, 246, 188)
( 12 , 7 ) (255, 249, 196)
( 12 , 8 ) (255, 246, 187)
( 12 , 9 ) (255, 193, 7)
( 12 , 10 ) (251, 175, 6)
( 12 , 11 ) (239, 128, 3)
( 12 , 12 ) (239, 126, 3)
( 12 , 13 ) (239, 126, 3)
( 12 , 14 ) (255, 193, 7)
( 12 , 15 ) (255, 193, 7)
( 12 , 16 ) (0, 0, 0)
( 12 , 17 ) (0, 0, 0)
( 12 , 18 ) (124, 179, 66)
( 12 , 19 ) (124, 179, 66)
( 12 , 20 ) (124, 179, 66)
( 12 , 21 ) (249, 252, 247)
( 12 , 22 ) (255, 255, 255)
( 12 , 23 ) (250, 252, 248)
( 12 , 24 ) (251, 253, 249)
( 12 , 25 ) (255, 255, 255)
( 12 , 26 ) (248, 251, 245)
( 12 , 27 ) (124, 179, 66)
( 12 , 28 ) (124, 179, 66)
( 12 , 29 ) (124, 179, 66)
( 12 , 30 ) (0, 0, 0)
( 12 , 31 ) (0, 0, 0)
( 12 , 32 ) (21, 101, 192)
( 12 , 33 ) (21, 101, 192)
( 12 , 34 ) (21, 101, 192)
( 12 , 35 ) (255, 193, 7)
( 12 , 36 ) (255, 193, 7)
( 12 , 37 ) (255, 193, 7)
( 12 , 38 ) (255, 193, 7)
( 12 , 39 ) (255, 193, 7)
( 12 , 40 ) (255, 193, 7)
( 12 , 41 ) (21, 101, 192)
( 12 , 42 ) (21, 101, 192)
( 12 , 43 ) (21, 101, 192)
( 12 , 44 ) (0, 0, 0)
( 12 , 45 ) (0, 0, 0)
( 12 , 46 ) (0, 0, 0)
( 12 , 47 ) (0, 0, 0)
( 13 , 0 ) (0, 0, 0)
( 13 , 1 ) (0, 0, 0)
( 13 , 2 ) (0, 0, 0)
( 13 , 3 ) (0, 0, 0)
( 13 , 4 ) (255, 193, 7)
( 13 , 5 ) (255, 193, 7)
( 13 , 6 ) (255, 222, 105)
( 13 , 7 ) (255, 246, 186)
( 13 , 8 ) (255, 222, 104)
( 13 , 9 ) (255, 193, 7)
( 13 , 10 ) (255, 193, 7)
( 13 , 11 ) (252, 180, 7)
( 13 , 12 ) (241, 136, 4)
( 13 , 13 ) (239, 126, 3)
( 13 , 14 ) (255, 193, 7)
( 13 , 15 ) (255, 193, 7)
( 13 , 16 ) (0, 0, 0)
( 13 , 17 ) (0, 0, 0)
( 13 , 18 ) (124, 179, 66)
( 13 , 19 ) (124, 179, 66)
( 13 , 20 ) (124, 179, 66)
( 13 , 21 ) (193, 219, 166)
( 13 , 22 ) (248, 251, 245)
( 13 , 23 ) (192, 218, 164)
( 13 , 24 ) (193, 219, 165)
( 13 , 25 ) (248, 251, 245)
( 13 , 26 ) (192, 219, 165)
( 13 , 27 ) (124, 179, 66)
( 13 , 28 ) (124, 179, 66)
( 13 , 29 ) (124, 179, 66)
( 13 , 30 ) (0, 0, 0)
( 13 , 31 ) (0, 0, 0)
( 13 , 32 ) (21, 101, 192)
( 13 , 33 ) (21, 101, 192)
( 13 , 34 ) (21, 101, 192)
( 13 , 35 ) (21, 101, 192)
( 13 , 36 ) (28, 104, 186)
( 13 , 37 ) (191, 168, 58)
( 13 , 38 ) (189, 168, 59)
( 13 , 39 ) (28, 104, 186)
( 13 , 40 ) (21, 101, 192)
( 13 , 41 ) (21, 101, 192)
( 13 , 42 ) (21, 101, 192)
( 13 , 43 ) (21, 101, 192)
( 13 , 44 ) (0, 0, 0)
( 13 , 45 ) (0, 0, 0)
( 13 , 46 ) (0, 0, 0)
( 13 , 47 ) (0, 0, 0)
( 14 , 0 ) (0, 0, 0)
( 14 , 1 ) (0, 0, 0)
( 14 , 2 ) (0, 0, 0)
( 14 , 3 ) (0, 0, 0)
( 14 , 4 ) (255, 193, 7)
( 14 , 5 ) (255, 193, 7)
( 14 , 6 ) (255, 193, 7)
( 14 , 7 ) (255, 193, 7)
( 14 , 8 ) (255, 193, 7)
( 14 , 9 ) (255, 193, 7)
( 14 , 10 ) (255, 193, 7)
( 14 , 11 ) (255, 193, 7)
( 14 , 12 ) (254, 189, 7)
( 14 , 13 ) (245, 152, 5)
( 14 , 14 ) (255, 193, 7)
( 14 , 15 ) (255, 193, 7)
( 14 , 16 ) (0, 0, 0)
( 14 , 17 ) (0, 0, 0)
( 14 , 18 ) (124, 179, 66)
( 14 , 19 ) (124, 179, 66)
( 14 , 20 ) (124, 179, 66)
( 14 , 21 ) (124, 179, 66)
( 14 , 22 ) (124, 179, 66)
( 14 , 23 ) (124, 179, 66)
( 14 , 24 ) (124, 179, 66)
( 14 , 25 ) (124, 179, 66)
( 14 , 26 ) (124, 179, 66)
( 14 , 27 ) (124, 179, 66)
( 14 , 28 ) (124, 179, 66)
( 14 , 29 ) (124, 179, 66)
( 14 , 30 ) (0, 0, 0)
( 14 , 31 ) (0, 0, 0)
( 14 , 32 ) (21, 101, 192)
( 14 , 33 ) (21, 101, 192)
( 14 , 34 ) (21, 101, 192)
( 14 , 35 ) (21, 101, 192)
( 14 , 36 ) (21, 101, 192)
( 14 , 37 ) (28, 104, 186)
( 14 , 38 ) (28, 104, 186)
( 14 , 39 ) (21, 101, 192)
( 14 , 40 ) (21, 101, 192)
( 14 , 41 ) (21, 101, 192)
( 14 , 42 ) (21, 101, 192)
( 14 , 43 ) (21, 101, 192)
( 14 , 44 ) (0, 0, 0)
( 14 , 45 ) (0, 0, 0)
( 14 , 46 ) (0, 0, 0)
( 14 , 47 ) (0, 0, 0)
( 15 , 0 ) (0, 0, 0)
( 15 , 1 ) (0, 0, 0)
( 15 , 2 ) (0, 0, 0)
( 15 , 3 ) (0, 0, 0)
( 15 , 4 ) (255, 193, 7)
( 15 , 5 ) (255, 193, 7)
( 15 , 6 ) (255, 193, 7)
( 15 , 7 ) (255, 193, 7)
( 15 , 8 ) (255, 193, 7)
( 15 , 9 ) (255, 193, 7)
( 15 , 10 ) (255, 193, 7)
( 15 , 11 ) (255, 193, 7)
( 15 , 12 ) (255, 193, 7)
( 15 , 13 ) (255, 193, 7)
( 15 , 14 ) (255, 193, 7)
( 15 , 15 ) (255, 193, 7)
( 15 , 16 ) (0, 0, 0)
( 15 , 17 ) (0, 0, 0)
( 15 , 18 ) (124, 179, 66)
( 15 , 19 ) (124, 179, 66)
( 15 , 20 ) (124, 179, 66)
( 15 , 21 ) (124, 179, 66)
( 15 , 22 ) (124, 179, 66)
( 15 , 23 ) (124, 179, 66)
( 15 , 24 ) (124, 179, 66)
( 15 , 25 ) (124, 179, 66)
( 15 , 26 ) (124, 179, 66)
( 15 , 27 ) (124, 179, 66)
( 15 , 28 ) (124, 179, 66)
( 15 , 29 ) (124, 179, 66)
( 15 , 30 ) (0, 0, 0)
( 15 , 31 ) (0, 0, 0)
( 15 , 32 ) (21, 101, 192)
( 15 , 33 ) (21, 101, 192)
( 15 , 34 ) (21, 101, 192)
( 15 , 35 ) (21, 101, 192)
( 15 , 36 ) (21, 101, 192)
( 15 , 37 ) (21, 101, 192)
( 15 , 38 ) (21, 101, 192)
( 15 , 39 ) (21, 101, 192)
( 15 , 40 ) (21, 101, 192)
( 15 , 41 ) (21, 101, 192)
( 15 , 42 ) (21, 101, 192)
( 15 , 43 ) (21, 101, 192)
( 15 , 44 ) (0, 0, 0)
( 15 , 45 ) (0, 0, 0)
( 15 , 46 ) (0, 0, 0)
( 15 , 47 ) (0, 0, 0)
( 16 , 0 ) (0, 0, 0)
( 16 , 1 ) (0, 0, 0)
( 16 , 2 ) (0, 0, 0)
( 16 , 3 ) (0, 0, 0)
( 16 , 4 ) (0, 0, 0)
( 16 , 5 ) (0, 0, 0)
( 16 , 6 ) (0, 0, 0)
( 16 , 7 ) (0, 0, 0)
( 16 , 8 ) (0, 0, 0)
( 16 , 9 ) (0, 0, 0)
( 16 , 10 ) (0, 0, 0)
( 16 , 11 ) (0, 0, 0)
( 16 , 12 ) (0, 0, 0)
( 16 , 13 ) (0, 0, 0)
( 16 , 14 ) (0, 0, 0)
( 16 , 15 ) (0, 0, 0)
( 16 , 16 ) (0, 0, 0)
( 16 , 17 ) (0, 0, 0)
( 16 , 18 ) (0, 0, 0)
( 16 , 19 ) (0, 0, 0)
( 16 , 20 ) (0, 0, 0)
( 16 , 21 ) (0, 0, 0)
( 16 , 22 ) (0, 0, 0)
( 16 , 23 ) (0, 0, 0)
( 16 , 24 ) (0, 0, 0)
( 16 , 25 ) (0, 0, 0)
( 16 , 26 ) (0, 0, 0)
( 16 , 27 ) (0, 0, 0)
( 16 , 28 ) (0, 0, 0)
( 16 , 29 ) (0, 0, 0)
( 16 , 30 ) (0, 0, 0)
( 16 , 31 ) (0, 0, 0)
( 16 , 32 ) (0, 0, 0)
( 16 , 33 ) (0, 0, 0)
( 16 , 34 ) (0, 0, 0)
( 16 , 35 ) (0, 0, 0)
( 16 , 36 ) (0, 0, 0)
( 16 , 37 ) (0, 0, 0)
( 16 , 38 ) (0, 0, 0)
( 16 , 39 ) (0, 0, 0)
( 16 , 40 ) (0, 0, 0)
( 16 , 41 ) (0, 0, 0)
( 16 , 42 ) (0, 0, 0)
( 16 , 43 ) (0, 0, 0)
( 16 , 44 ) (0, 0, 0)
( 16 , 45 ) (0, 0, 0)
( 16 , 46 ) (0, 0, 0)
( 16 , 47 ) (0, 0, 0)
( 17 , 0 ) (0, 0, 0)
( 17 , 1 ) (0, 0, 0)
( 17 , 2 ) (0, 0, 0)
( 17 , 3 ) (0, 0, 0)
( 17 , 4 ) (0, 0, 0)
( 17 , 5 ) (0, 0, 0)
( 17 , 6 ) (0, 0, 0)
( 17 , 7 ) (0, 0, 0)
( 17 , 8 ) (0, 0, 0)
( 17 , 9 ) (0, 0, 0)
( 17 , 10 ) (0, 0, 0)
( 17 , 11 ) (0, 0, 0)
( 17 , 12 ) (0, 0, 0)
( 17 , 13 ) (0, 0, 0)
( 17 , 14 ) (0, 0, 0)
( 17 , 15 ) (0, 0, 0)
( 17 , 16 ) (0, 0, 0)
( 17 , 17 ) (0, 0, 0)
( 17 , 18 ) (0, 0, 0)
( 17 , 19 ) (0, 0, 0)
( 17 , 20 ) (0, 0, 0)
( 17 , 21 ) (0, 0, 0)
( 17 , 22 ) (0, 0, 0)
( 17 , 23 ) (0, 0, 0)
( 17 , 24 ) (0, 0, 0)
( 17 , 25 ) (0, 0, 0)
( 17 , 26 ) (0, 0, 0)
( 17 , 27 ) (0, 0, 0)
( 17 , 28 ) (0, 0, 0)
( 17 , 29 ) (0, 0, 0)
( 17 , 30 ) (0, 0, 0)
( 17 , 31 ) (0, 0, 0)
( 17 , 32 ) (0, 0, 0)
( 17 , 33 ) (0, 0, 0)
( 17 , 34 ) (0, 0, 0)
( 17 , 35 ) (0, 0, 0)
( 17 , 36 ) (0, 0, 0)
( 17 , 37 ) (0, 0, 0)
( 17 , 38 ) (0, 0, 0)
( 17 , 39 ) (0, 0, 0)
( 17 , 40 ) (0, 0, 0)
( 17 , 41 ) (0, 0, 0)
( 17 , 42 ) (0, 0, 0)
( 17 , 43 ) (0, 0, 0)
( 17 , 44 ) (0, 0, 0)
( 17 , 45 ) (0, 0, 0)
( 17 , 46 ) (0, 0, 0)
( 17 , 47 ) (0, 0, 0)
( 18 , 0 ) (0, 0, 0)
( 18 , 1 ) (0, 0, 0)
( 18 , 2 ) (0, 0, 0)
( 18 , 3 ) (0, 0, 0)
( 18 , 4 ) (21, 101, 192)
( 18 , 5 ) (21, 101, 192)
( 18 , 6 ) (21, 101, 192)
( 18 , 7 ) (21, 101, 192)
( 18 , 8 ) (21, 101, 192)
( 18 , 9 ) (21, 101, 192)
( 18 , 10 ) (21, 101, 192)
( 18 , 11 ) (21, 101, 192)
( 18 , 12 ) (21, 101, 192)
( 18 , 13 ) (21, 101, 192)
( 18 , 14 ) (21, 101, 192)
( 18 , 15 ) (21, 101, 192)
( 18 , 16 ) (0, 0, 0)
( 18 , 17 ) (0, 0, 0)
( 18 , 18 ) (255, 193, 7)
( 18 , 19 ) (255, 193, 7)
( 18 , 20 ) (255, 193, 7)
( 18 , 21 ) (255, 193, 7)
( 18 , 22 ) (255, 193, 7)
( 18 , 23 ) (255, 193, 7)
( 18 , 24 ) (255, 193, 7)
( 18 , 25 ) (255, 193, 7)
( 18 , 26 ) (255, 193, 7)
( 18 , 27 ) (255, 193, 7)
( 18 , 28 ) (255, 193, 7)
( 18 , 29 ) (255, 193, 7)
( 18 , 30 ) (0, 0, 0)
( 18 , 31 ) (0, 0, 0)
( 18 , 32 ) (33, 150, 243)
( 18 , 33 ) (33, 150, 243)
( 18 , 34 ) (33, 150, 243)
( 18 , 35 ) (33, 150, 243)
( 18 , 36 ) (33, 150, 243)
( 18 , 37 ) (33, 150, 243)
( 18 , 38 ) (33, 150, 243)
( 18 , 39 ) (33, 150, 243)
( 18 , 40 ) (33, 150, 243)
( 18 , 41 ) (33, 150, 243)
( 18 , 42 ) (33, 150, 243)
( 18 , 43 ) (33, 150, 243)
( 18 , 44 ) (0, 0, 0)
( 18 , 45 ) (0, 0, 0)
( 18 , 46 ) (0, 0, 0)
( 18 , 47 ) (0, 0, 0)
( 19 , 0 ) (0, 0, 0)
( 19 , 1 ) (0, 0, 0)
( 19 , 2 ) (0, 0, 0)
( 19 , 3 ) (0, 0, 0)
( 19 , 4 ) (21, 101, 192)
( 19 , 5 ) (21, 101, 192)
( 19 , 6 ) (21, 101, 192)
( 19 , 7 ) (21, 101, 192)
( 19 , 8 ) (21, 101, 192)
( 19 , 9 ) (27, 104, 187)
( 19 , 10 ) (27, 104, 187)
( 19 , 11 ) (21, 101, 192)
( 19 , 12 ) (21, 101, 192)
( 19 , 13 ) (21, 101, 192)
( 19 , 14 ) (21, 101, 192)
( 19 , 15 ) (21, 101, 192)
( 19 , 16 ) (0, 0, 0)
( 19 , 17 ) (0, 0, 0)
( 19 , 18 ) (255, 193, 7)
( 19 , 19 ) (255, 193, 7)
( 19 , 20 ) (255, 193, 7)
( 19 , 21 ) (255, 193, 7)
( 19 , 22 ) (255, 193, 7)
( 19 , 23 ) (255, 193, 7)
( 19 , 24 ) (255, 193, 7)
( 19 , 25 ) (255, 193, 7)
( 19 , 26 ) (252, 185, 6)
( 19 , 27 ) (229, 122, 2)
( 19 , 28 ) (255, 193, 7)
( 19 , 29 ) (255, 193, 7)
( 19 , 30 ) (0, 0, 0)
( 19 , 31 ) (0, 0, 0)
( 19 , 32 ) (33, 150, 243)
( 19 , 33 ) (33, 150, 243)
( 19 , 34 ) (33, 150, 243)
( 19 , 35 ) (33, 150, 243)
( 19 , 36 ) (33, 150, 243)
( 19 , 37 ) (33, 150, 243)
( 19 , 38 ) (33, 150, 243)
( 19 , 39 ) (135, 198, 248)
( 19 , 40 ) (218, 238, 252)
( 19 , 41 ) (134, 198, 248)
( 19 , 42 ) (33, 150, 243)
( 19 , 43 ) (33, 150, 243)
( 19 , 44 ) (0, 0, 0)
( 19 , 45 ) (0, 0, 0)
( 19 , 46 ) (0, 0, 0)
( 19 , 47 ) (0, 0, 0)
( 20 , 0 ) (0, 0, 0)
( 20 , 1 ) (0, 0, 0)
( 20 , 2 ) (0, 0, 0)
( 20 , 3 ) (0, 0, 0)
( 20 , 4 ) (21, 101, 192)
( 20 , 5 ) (21, 101, 192)
( 20 , 6 ) (21, 101, 192)
( 20 , 7 ) (21, 101, 192)
( 20 , 8 ) (27, 104, 187)
( 20 , 9 ) (184, 165, 63)
( 20 , 10 ) (184, 165, 63)
( 20 , 11 ) (27, 104, 187)
( 20 , 12 ) (21, 101, 192)
( 20 , 13 ) (21, 101, 192)
( 20 , 14 ) (21, 101, 192)
( 20 , 15 ) (21, 101, 192)
( 20 , 16 ) (0, 0, 0)
( 20 , 17 ) (0, 0, 0)
( 20 , 18 ) (255, 193, 7)
( 20 , 19 ) (255, 193, 7)
( 20 , 20 ) (255, 193, 7)
( 20 , 21 ) (255, 193, 7)
( 20 , 22 ) (255, 193, 7)
( 20 , 23 ) (255, 193, 7)
( 20 , 24 ) (255, 193, 7)
( 20 , 25 ) (242, 157, 5)
( 20 , 26 ) (219, 96, 1)
( 20 , 27 ) (216, 87, 0)
( 20 , 28 ) (255, 193, 7)
( 20 , 29 ) (255, 193, 7)
( 20 , 30 ) (0, 0, 0)
( 20 , 31 ) (0, 0, 0)
( 20 , 32 ) (33, 150, 243)
( 20 , 33 ) (150, 200, 197)
( 20 , 34 ) (245, 240, 161)
( 20 , 35 ) (149, 200, 198)
( 20 , 36 ) (33, 150, 243)
( 20 , 37 ) (33, 150, 243)
( 20 , 38 ) (33, 150, 243)
( 20 , 39 ) (219, 239, 253)
( 20 , 40 ) (227, 242, 253)
( 20 , 41 ) (223, 240, 253)
( 20 , 42 ) (33, 150, 243)
( 20 , 43 ) (33, 150, 243)
( 20 , 44 ) (0, 0, 0)
( 20 , 45 ) (0, 0, 0)
( 20 , 46 ) (0, 0, 0)
( 20 , 47 ) (0, 0, 0)
( 21 , 0 ) (0, 0, 0)
( 21 , 1 ) (0, 0, 0)
( 21 , 2 ) (0, 0, 0)
( 21 , 3 ) (0, 0, 0)
( 21 , 4 ) (21, 101, 192)
( 21 , 5 ) (21, 101, 192)
( 21 , 6 ) (21, 101, 192)
( 21 , 7 ) (255, 193, 7)
( 21 , 8 ) (255, 193, 7)
( 21 , 9 ) (255, 193, 7)
( 21 , 10 ) (255, 193, 7)
( 21 , 11 ) (255, 193, 7)
( 21 , 12 ) (255, 193, 7)
( 21 , 13 ) (21, 101, 192)
( 21 , 14 ) (21, 101, 192)
( 21 , 15 ) (21, 101, 192)
( 21 , 16 ) (0, 0, 0)
( 21 , 17 ) (0, 0, 0)
( 21 , 18 ) (255, 193, 7)
( 21 , 19 ) (255, 193, 7)
( 21 , 20 ) (255, 193, 7)
( 21 , 21 ) (255, 193, 7)
( 21 , 22 ) (255, 193, 7)
( 21 , 23 ) (252, 185, 6)
( 21 , 24 ) (229, 122, 2)
( 21 , 25 ) (216, 87, 0)
( 21 , 26 ) (216, 87, 0)
( 21 , 27 ) (216, 87, 0)
( 21 , 28 ) (255, 193, 7)
( 21 , 29 ) (255, 193, 7)
( 21 , 30 ) (0, 0, 0)
( 21 , 31 ) (0, 0, 0)
( 21 , 32 ) (33, 150, 243)
( 21 , 33 ) (245, 240, 160)
( 21 , 34 ) (255, 245, 157)
( 21 , 35 ) (245, 240, 161)
( 21 , 36 ) (33, 150, 243)
( 21 , 37 ) (90, 177, 246)
( 21 , 38 ) (206, 231, 252)
( 21 , 39 ) (222, 240, 252)
( 21 , 40 ) (227, 242, 253)
( 21 , 41 ) (227, 242, 253)
( 21 , 42 ) (33, 150, 243)
( 21 , 43 ) (33, 150, 243)
( 21 , 44 ) (0, 0, 0)
( 21 , 45 ) (0, 0, 0)
( 21 , 46 ) (0, 0, 0)
( 21 , 47 ) (0, 0, 0)
( 22 , 0 ) (0, 0, 0)
( 22 , 1 ) (0, 0, 0)
( 22 , 2 ) (0, 0, 0)
( 22 , 3 ) (0, 0, 0)
( 22 , 4 ) (21, 101, 192)
( 22 , 5 ) (21, 101, 192)
( 22 , 6 ) (27, 104, 187)
( 22 , 7 ) (255, 193, 7)
( 22 , 8 ) (255, 209, 71)
( 22 , 9 ) (255, 242, 201)
( 22 , 10 ) (255, 242, 201)
( 22 , 11 ) (255, 209, 69)
( 22 , 12 ) (255, 193, 7)
( 22 , 13 ) (27, 104, 187)
( 22 , 14 ) (21, 101, 192)
( 22 , 15 ) (21, 101, 192)
( 22 , 16 ) (0, 0, 0)
( 22 , 17 ) (0, 0, 0)
( 22 , 18 ) (255, 193, 7)
( 22 , 19 ) (255, 193, 7)
( 22 , 20 ) (255, 193, 7)
( 22 , 21 ) (255, 193, 7)
( 22 , 22 ) (250, 179, 6)
( 22 , 23 ) (220, 96, 1)
( 22 , 24 ) (216, 87, 0)
( 22 , 25 ) (216, 87, 0)
( 22 , 26 ) (216, 87, 0)
( 22 , 27 ) (216, 87, 0)
( 22 , 28 ) (255, 193, 7)
( 22 , 29 ) (255, 193, 7)
( 22 , 30 ) (0, 0, 0)
( 22 , 31 ) (0, 0, 0)
( 22 , 32 ) (33, 150, 243)
( 22 , 33 ) (149, 200, 198)
( 22 , 34 ) (244, 241, 161)
( 22 , 35 ) (148, 199, 198)
( 22 , 36 ) (33, 150, 243)
( 22 , 37 ) (206, 232, 252)
( 22 , 38 ) (227, 242, 253)
( 22 , 39 ) (227, 241, 253)
( 22 , 40 ) (227, 242, 253)
( 22 , 41 ) (227, 242, 253)
( 22 , 42 ) (33, 150, 243)
( 22 , 43 ) (33, 150, 243)
( 22 , 44 ) (0, 0, 0)
( 22 , 45 ) (0, 0, 0)
( 22 , 46 ) (0, 0, 0)
( 22 , 47 ) (0, 0, 0)
( 23 , 0 ) (0, 0, 0)
( 23 , 1 ) (0, 0, 0)
( 23 , 2 ) (0, 0, 0)
( 23 , 3 ) (0, 0, 0)
( 23 , 4 ) (21, 101, 192)
( 23 , 5 ) (27, 103, 187)
( 23 , 6 ) (184, 165, 63)
( 23 , 7 ) (255, 193, 7)
( 23 , 8 ) (255, 242, 202)
( 23 , 9 ) (255, 248, 225)
( 23 , 10 ) (255, 248, 225)
( 23 , 11 ) (255, 242, 201)
( 23 , 12 ) (255, 193, 7)
( 23 , 13 ) (184, 165, 63)
( 23 , 14 ) (27, 103, 187)
( 23 , 15 ) (21, 101, 192)
( 23 , 16 ) (0, 0, 0)
( 23 , 17 ) (0, 0, 0)
( 23 , 18 ) (255, 193, 7)
( 23 , 19 ) (255, 193, 7)
( 23 , 20 ) (255, 193, 7)
( 23 , 21 ) (255, 193, 7)
( 23 , 22 ) (255, 193, 7)
( 23 , 23 ) (244, 164, 5)
( 23 , 24 ) (220, 98, 1)
( 23 , 25 ) (216, 87, 0)
( 23 , 26 ) (216, 87, 0)
( 23 , 27 ) (219, 92, 0)
( 23 , 28 ) (255, 193, 7)
( 23 , 29 ) (255, 193, 7)
( 23 , 30 ) (0, 0, 0)
( 23 , 31 ) (0, 0, 0)
( 23 , 32 ) (33, 150, 243)
( 23 , 33 ) (33, 150, 243)
( 23 , 34 ) (33, 150, 243)
( 23 , 35 ) (33, 150, 243)
( 23 , 36 ) (33, 150, 243)
( 23 , 37 ) (206, 231, 252)
( 23 , 38 ) (227, 242, 253)
( 23 , 39 ) (227, 242, 253)
( 23 , 40 ) (227, 242, 253)
( 23 , 41 ) (227, 242, 253)
( 23 , 42 ) (33, 150, 243)
( 23 , 43 ) (33, 150, 243)
( 23 , 44 ) (0, 0, 0)
( 23 , 45 ) (0, 0, 0)
( 23 , 46 ) (0, 0, 0)
( 23 , 47 ) (0, 0, 0)
( 24 , 0 ) (0, 0, 0)
( 24 , 1 ) (0, 0, 0)
( 24 , 2 ) (0, 0, 0)
( 24 , 3 ) (0, 0, 0)
( 24 , 4 ) (21, 101, 192)
( 24 , 5 ) (27, 103, 187)
( 24 , 6 ) (190, 167, 58)
( 24 , 7 ) (255, 193, 7)
( 24 , 8 ) (255, 242, 201)
( 24 , 9 ) (255, 248, 225)
( 24 , 10 ) (255, 248, 225)
( 24 , 11 ) (255, 242, 200)
( 24 , 12 ) (255, 193, 7)
( 24 , 13 ) (190, 167, 58)
( 24 , 14 ) (27, 103, 187)
( 24 , 15 ) (21, 101, 192)
( 24 , 16 ) (0, 0, 0)
( 24 , 17 ) (0, 0, 0)
( 24 , 18 ) (255, 193, 7)
( 24 , 19 ) (255, 193, 7)
( 24 , 20 ) (255, 193, 7)
( 24 , 21 ) (255, 193, 7)
( 24 , 22 ) (255, 193, 7)
( 24 , 23 ) (255, 193, 7)
( 24 , 24 ) (253, 186, 7)
( 24 , 25 ) (231, 129, 3)
( 24 , 26 ) (224, 100, 1)
( 24 , 27 ) (238, 124, 3)
( 24 , 28 ) (255, 193, 7)
( 24 , 29 ) (255, 193, 7)
( 24 , 30 ) (0, 0, 0)
( 24 , 31 ) (0, 0, 0)
( 24 , 32 ) (33, 150, 243)
( 24 , 33 ) (33, 150, 243)
( 24 , 34 ) (33, 150, 243)
( 24 , 35 ) (33, 150, 243)
( 24 , 36 ) (90, 177, 246)
( 24 , 37 ) (212, 234, 252)
( 24 , 38 ) (224, 240, 253)
( 24 , 39 ) (220, 239, 253)
( 24 , 40 ) (227, 242, 253)
( 24 , 41 ) (227, 242, 253)
( 24 , 42 ) (33, 150, 243)
( 24 , 43 ) (33, 150, 243)
( 24 , 44 ) (0, 0, 0)
( 24 , 45 ) (0, 0, 0)
( 24 , 46 ) (0, 0, 0)
( 24 , 47 ) (0, 0, 0)
( 25 , 0 ) (0, 0, 0)
( 25 , 1 ) (0, 0, 0)
( 25 , 2 ) (0, 0, 0)
( 25 , 3 ) (0, 0, 0)
( 25 , 4 ) (21, 101, 192)
( 25 , 5 ) (21, 101, 192)
( 25 , 6 ) (28, 104, 186)
( 25 , 7 ) (255, 193, 7)
( 25 , 8 ) (255, 209, 69)
( 25 , 9 ) (255, 242, 200)
( 25 , 10 ) (255, 242, 200)
( 25 , 11 ) (255, 209, 69)
( 25 , 12 ) (255, 193, 7)
( 25 , 13 ) (28, 104, 186)
( 25 , 14 ) (21, 101, 192)
( 25 , 15 ) (21, 101, 192)
( 25 , 16 ) (0, 0, 0)
( 25 , 17 ) (0, 0, 0)
( 25 , 18 ) (255, 193, 7)
( 25 , 19 ) (255, 193, 7)
( 25 , 20 ) (255, 223, 106)
( 25 , 21 ) (255, 246, 187)
( 25 , 22 ) (255, 222, 105)
( 25 , 23 ) (255, 193, 7)
( 25 , 24 ) (255, 191, 7)
( 25 , 25 ) (246, 154, 5)
( 25 , 26 ) (239, 126, 3)
( 25 , 27 ) (239, 126, 3)
( 25 , 28 ) (255, 193, 7)
( 25 , 29 ) (255, 193, 7)
( 25 , 30 ) (0, 0, 0)
( 25 , 31 ) (0, 0, 0)
( 25 , 32 ) (33, 150, 243)
( 25 , 33 ) (33, 150, 243)
( 25 , 34 ) (33, 150, 243)
( 25 , 35 ) (33, 150, 243)
( 25 , 36 ) (206, 232, 252)
( 25 , 37 ) (227, 242, 253)
( 25 , 38 ) (227, 242, 253)
( 25 , 39 ) (221, 239, 253)
( 25 , 40 ) (227, 242, 253)
( 25 , 41 ) (227, 242, 253)
( 25 , 42 ) (33, 150, 243)
( 25 , 43 ) (33, 150, 243)
( 25 , 44 ) (0, 0, 0)
( 25 , 45 ) (0, 0, 0)
( 25 , 46 ) (0, 0, 0)
( 25 , 47 ) (0, 0, 0)
( 26 , 0 ) (0, 0, 0)
( 26 , 1 ) (0, 0, 0)
( 26 , 2 ) (0, 0, 0)
( 26 , 3 ) (0, 0, 0)
( 26 , 4 ) (21, 101, 192)
( 26 , 5 ) (21, 101, 192)
( 26 , 6 ) (21, 101, 192)
( 26 , 7 ) (255, 193, 7)
( 26 , 8 ) (255, 193, 7)
( 26 , 9 ) (255, 193, 7)
( 26 , 10 ) (255, 193, 7)
( 26 , 11 ) (255, 193, 7)
( 26 , 12 ) (255, 193, 7)
( 26 , 13 ) (21, 101, 192)
( 26 , 14 ) (21, 101, 192)
( 26 , 15 ) (21, 101, 192)
( 26 , 16 ) (0, 0, 0)
( 26 , 17 ) (0, 0, 0)
( 26 , 18 ) (255, 193, 7)
( 26 , 19 ) (255, 193, 7)
( 26 , 20 ) (255, 246, 188)
( 26 , 21 ) (255, 249, 196)
( 26 , 22 ) (255, 246, 187)
( 26 , 23 ) (255, 193, 7)
( 26 , 24 ) (251, 175, 6)
( 26 , 25 ) (239, 128, 3)
( 26 , 26 ) (239, 126, 3)
( 26 , 27 ) (239, 126, 3)
( 26 , 28 ) (255, 193, 7)
( 26 , 29 ) (255, 193, 7)
( 26 , 30 ) (0, 0, 0)
( 26 , 31 ) (0, 0, 0)
( 26 , 32 ) (33, 150, 243)
( 26 , 33 ) (33, 150, 243)
( 26 , 34 ) (33, 150, 243)
( 26 , 35 ) (33, 150, 243)
( 26 , 36 ) (206, 231, 252)
( 26 , 37 ) (227, 242, 253)
( 26 , 38 ) (227, 242, 253)
( 26 , 39 ) (226, 241, 253)
( 26 , 40 ) (227, 242, 253)
( 26 , 41 ) (227, 242, 253)
( 26 , 42 ) (33, 150, 243)
( 26 , 43 ) (33, 150, 243)
( 26 , 44 ) (0, 0, 0)
( 26 , 45 ) (0, 0, 0)
( 26 , 46 ) (0, 0, 0)
( 26 , 47 ) (0, 0, 0)
( 27 , 0 ) (0, 0, 0)
( 27 , 1 ) (0, 0, 0)
( 27 , 2 ) (0, 0, 0)
( 27 , 3 ) (0, 0, 0)
( 27 , 4 ) (21, 101, 192)
( 27 , 5 ) (21, 101, 192)
( 27 , 6 ) (21, 101, 192)
( 27 , 7 ) (21, 101, 192)
( 27 , 8 ) (28, 104, 186)
( 27 , 9 ) (191, 168, 58)
( 27 , 10 ) (189, 168, 59)
( 27 , 11 ) (28, 104, 186)
( 27 , 12 ) (21, 101, 192)
( 27 , 13 ) (21, 101, 192)
( 27 , 14 ) (21, 101, 192)
( 27 , 15 ) (21, 101, 192)
( 27 , 16 ) (0, 0, 0)
( 27 , 17 ) (0, 0, 0)
( 27 , 18 ) (255, 193, 7)
( 27 , 19 ) (255, 193, 7)
( 27 , 20 ) (255, 222, 105)
( 27 , 21 ) (255, 246, 186)
( 27 , 22 ) (255, 222, 104)
( 27 , 23 ) (255, 193, 7)
( 27 , 24 ) (255, 193, 7)
( 27 , 25 ) (252, 180, 7)
( 27 , 26 ) (241, 136, 4)
( 27 , 27 ) (239, 126, 3)
( 27 , 28 ) (255, 193, 7)
( 27 , 29 ) (255, 193, 7)
( 27 , 30 ) (0, 0, 0)
( 27 , 31 ) (0, 0, 0)
( 27 , 32 ) (33, 150, 243)
( 27 , 33 ) (33, 150, 243)
( 27 , 34 ) (33, 150, 243)
( 27 , 35 ) (33, 150, 243)
( 27 , 36 ) (89, 176, 245)
( 27 , 37 ) (205, 231, 252)
( 27 , 38 ) (205, 231, 252)
( 27 , 39 ) (215, 236, 252)
( 27 , 40 ) (227, 242, 253)
( 27 , 41 ) (223, 240, 253)
( 27 , 42 ) (33, 150, 243)
( 27 , 43 ) (33, 150, 243)
( 27 , 44 ) (0, 0, 0)
( 27 , 45 ) (0, 0, 0)
( 27 , 46 ) (0, 0, 0)
( 27 , 47 ) (0, 0, 0)
( 28 , 0 ) (0, 0, 0)
( 28 , 1 ) (0, 0, 0)
( 28 , 2 ) (0, 0, 0)
( 28 , 3 ) (0, 0, 0)
( 28 , 4 ) (21, 101, 192)
( 28 , 5 ) (21, 101, 192)
( 28 , 6 ) (21, 101, 192)
( 28 , 7 ) (21, 101, 192)
( 28 , 8 ) (21, 101, 192)
( 28 , 9 ) (28, 104, 186)
( 28 , 10 ) (28, 104, 186)
( 28 , 11 ) (21, 101, 192)
( 28 , 12 ) (21, 101, 192)
( 28 , 13 ) (21, 101, 192)
( 28 , 14 ) (21, 101, 192)
( 28 , 15 ) (21, 101, 192)
( 28 , 16 ) (0, 0, 0)
( 28 , 17 ) (0, 0, 0)
( 28 , 18 ) (255, 193, 7)
( 28 , 19 ) (255, 193, 7)
( 28 , 20 ) (255, 193, 7)
( 28 , 21 ) (255, 193, 7)
( 28 , 22 ) (255, 193, 7)
( 28 , 23 ) (255, 193, 7)
( 28 , 24 ) (255, 193, 7)
( 28 , 25 ) (255, 193, 7)
( 28 , 26 ) (254, 189, 7)
( 28 , 27 ) (245, 152, 5)
( 28 , 28 ) (255, 193, 7)
( 28 , 29 ) (255, 193, 7)
( 28 , 30 ) (0, 0, 0)
( 28 , 31 ) (0, 0, 0)
( 28 , 32 ) (33, 150, 243)
( 28 , 33 ) (33, 150, 243)
( 28 , 34 ) (33, 150, 243)
( 28 , 35 ) (33, 150, 243)
( 28 , 36 ) (33, 150, 243)
( 28 , 37 ) (33, 150, 243)
( 28 , 38 ) (33, 150, 243)
( 28 , 39 ) (134, 198, 248)
( 28 , 40 ) (217, 238, 252)
( 28 , 41 ) (134, 197, 248)
( 28 , 42 ) (33, 150, 243)
( 28 , 43 ) (33, 150, 243)
( 28 , 44 ) (0, 0, 0)
( 28 , 45 ) (0, 0, 0)
( 28 , 46 ) (0, 0, 0)
( 28 , 47 ) (0, 0, 0)
( 29 , 0 ) (0, 0, 0)
( 29 , 1 ) (0, 0, 0)
( 29 , 2 ) (0, 0, 0)
( 29 , 3 ) (0, 0, 0)
( 29 , 4 ) (21, 101, 192)
( 29 , 5 ) (21, 101, 192)
( 29 , 6 ) (21, 101, 192)
( 29 , 7 ) (21, 101, 192)
( 29 , 8 ) (21, 101, 192)
( 29 , 9 ) (21, 101, 192)
( 29 , 10 ) (21, 101, 192)
( 29 , 11 ) (21, 101, 192)
( 29 , 12 ) (21, 101, 192)
( 29 , 13 ) (21, 101, 192)
( 29 , 14 ) (21, 101, 192)
( 29 , 15 ) (21, 101, 192)
( 29 , 16 ) (0, 0, 0)
( 29 , 17 ) (0, 0, 0)
( 29 , 18 ) (255, 193, 7)
( 29 , 19 ) (255, 193, 7)
( 29 , 20 ) (255, 193, 7)
( 29 , 21 ) (255, 193, 7)
( 29 , 22 ) (255, 193, 7)
( 29 , 23 ) (255, 193, 7)
( 29 , 24 ) (255, 193, 7)
( 29 , 25 ) (255, 193, 7)
( 29 , 26 ) (255, 193, 7)
( 29 , 27 ) (255, 193, 7)
( 29 , 28 ) (255, 193, 7)
( 29 , 29 ) (255, 193, 7)
( 29 , 30 ) (0, 0, 0)
( 29 , 31 ) (0, 0, 0)
( 29 , 32 ) (33, 150, 243)
( 29 , 33 ) (33, 150, 243)
( 29 , 34 ) (33, 150, 243)
( 29 , 35 ) (33, 150, 243)
( 29 , 36 ) (33, 150, 243)
( 29 , 37 ) (33, 150, 243)
( 29 , 38 ) (33, 150, 243)
( 29 , 39 ) (33, 150, 243)
( 29 , 40 ) (33, 150, 243)
( 29 , 41 ) (33, 150, 243)
( 29 , 42 ) (33, 150, 243)
( 29 , 43 ) (33, 150, 243)
( 29 , 44 ) (0, 0, 0)
( 29 , 45 ) (0, 0, 0)
( 29 , 46 ) (0, 0, 0)
( 29 , 47 ) (0, 0, 0)
( 30 , 0 ) (0, 0, 0)
( 30 , 1 ) (0, 0, 0)
( 30 , 2 ) (0, 0, 0)
( 30 , 3 ) (0, 0, 0)
( 30 , 4 ) (0, 0, 0)
( 30 , 5 ) (0, 0, 0)
( 30 , 6 ) (0, 0, 0)
( 30 , 7 ) (0, 0, 0)
( 30 , 8 ) (0, 0, 0)
( 30 , 9 ) (0, 0, 0)
( 30 , 10 ) (0, 0, 0)
( 30 , 11 ) (0, 0, 0)
( 30 , 12 ) (0, 0, 0)
( 30 , 13 ) (0, 0, 0)
( 30 , 14 ) (0, 0, 0)
( 30 , 15 ) (0, 0, 0)
( 30 , 16 ) (0, 0, 0)
( 30 , 17 ) (0, 0, 0)
( 30 , 18 ) (0, 0, 0)
( 30 , 19 ) (0, 0, 0)
( 30 , 20 ) (0, 0, 0)
( 30 , 21 ) (0, 0, 0)
( 30 , 22 ) (0, 0, 0)
( 30 , 23 ) (0, 0, 0)
( 30 , 24 ) (0, 0, 0)
( 30 , 25 ) (0, 0, 0)
( 30 , 26 ) (0, 0, 0)
( 30 , 27 ) (0, 0, 0)
( 30 , 28 ) (0, 0, 0)
( 30 , 29 ) (0, 0, 0)
( 30 , 30 ) (0, 0, 0)
( 30 , 31 ) (0, 0, 0)
( 30 , 32 ) (0, 0, 0)
( 30 , 33 ) (0, 0, 0)
( 30 , 34 ) (0, 0, 0)
( 30 , 35 ) (0, 0, 0)
( 30 , 36 ) (0, 0, 0)
( 30 , 37 ) (0, 0, 0)
( 30 , 38 ) (0, 0, 0)
( 30 , 39 ) (0, 0, 0)
( 30 , 40 ) (0, 0, 0)
( 30 , 41 ) (0, 0, 0)
( 30 , 42 ) (0, 0, 0)
( 30 , 43 ) (0, 0, 0)
( 30 , 44 ) (0, 0, 0)
( 30 , 45 ) (0, 0, 0)
( 30 , 46 ) (0, 0, 0)
( 30 , 47 ) (0, 0, 0)
( 31 , 0 ) (0, 0, 0)
( 31 , 1 ) (0, 0, 0)
( 31 , 2 ) (0, 0, 0)
( 31 , 3 ) (0, 0, 0)
( 31 , 4 ) (0, 0, 0)
( 31 , 5 ) (0, 0, 0)
( 31 , 6 ) (0, 0, 0)
( 31 , 7 ) (0, 0, 0)
( 31 , 8 ) (0, 0, 0)
( 31 , 9 ) (0, 0, 0)
( 31 , 10 ) (0, 0, 0)
( 31 , 11 ) (0, 0, 0)
( 31 , 12 ) (0, 0, 0)
( 31 , 13 ) (0, 0, 0)
( 31 , 14 ) (0, 0, 0)
( 31 , 15 ) (0, 0, 0)
( 31 , 16 ) (0, 0, 0)
( 31 , 17 ) (0, 0, 0)
( 31 , 18 ) (0, 0, 0)
( 31 , 19 ) (0, 0, 0)
( 31 , 20 ) (0, 0, 0)
( 31 , 21 ) (0, 0, 0)
( 31 , 22 ) (0, 0, 0)
( 31 , 23 ) (0, 0, 0)
( 31 , 24 ) (0, 0, 0)
( 31 , 25 ) (0, 0, 0)
( 31 , 26 ) (0, 0, 0)
( 31 , 27 ) (0, 0, 0)
( 31 , 28 ) (0, 0, 0)
( 31 , 29 ) (0, 0, 0)
( 31 , 30 ) (0, 0, 0)
( 31 , 31 ) (0, 0, 0)
( 31 , 32 ) (0, 0, 0)
( 31 , 33 ) (0, 0, 0)
( 31 , 34 ) (0, 0, 0)
( 31 , 35 ) (0, 0, 0)
( 31 , 36 ) (0, 0, 0)
( 31 , 37 ) (0, 0, 0)
( 31 , 38 ) (0, 0, 0)
( 31 , 39 ) (0, 0, 0)
( 31 , 40 ) (0, 0, 0)
( 31 , 41 ) (0, 0, 0)
( 31 , 42 ) (0, 0, 0)
( 31 , 43 ) (0, 0, 0)
( 31 , 44 ) (0, 0, 0)
( 31 , 45 ) (0, 0, 0)
( 31 , 46 ) (0, 0, 0)
( 31 , 47 ) (0, 0, 0)
( 32 , 0 ) (0, 0, 0)
( 32 , 1 ) (0, 0, 0)
( 32 , 2 ) (0, 0, 0)
( 32 , 3 ) (0, 0, 0)
( 32 , 4 ) (33, 150, 243)
( 32 , 5 ) (33, 150, 243)
( 32 , 6 ) (33, 150, 243)
( 32 , 7 ) (33, 150, 243)
( 32 , 8 ) (33, 150, 243)
( 32 , 9 ) (33, 150, 243)
( 32 , 10 ) (33, 150, 243)
( 32 , 11 ) (33, 150, 243)
( 32 , 12 ) (33, 150, 243)
( 32 , 13 ) (33, 150, 243)
( 32 , 14 ) (33, 150, 243)
( 32 , 15 ) (33, 150, 243)
( 32 , 16 ) (0, 0, 0)
( 32 , 17 ) (0, 0, 0)
( 32 , 18 ) (21, 101, 192)
( 32 , 19 ) (21, 101, 192)
( 32 , 20 ) (21, 101, 192)
( 32 , 21 ) (21, 101, 192)
( 32 , 22 ) (21, 101, 192)
( 32 , 23 ) (21, 101, 192)
( 32 , 24 ) (21, 101, 192)
( 32 , 25 ) (21, 101, 192)
( 32 , 26 ) (21, 101, 192)
( 32 , 27 ) (21, 101, 192)
( 32 , 28 ) (21, 101, 192)
( 32 , 29 ) (21, 101, 192)
( 32 , 30 ) (0, 0, 0)
( 32 , 31 ) (0, 0, 0)
( 32 , 32 ) (124, 179, 66)
( 32 , 33 ) (124, 179, 66)
( 32 , 34 ) (124, 179, 66)
( 32 , 35 ) (124, 179, 66)
( 32 , 36 ) (124, 179, 66)
( 32 , 37 ) (124, 179, 66)
( 32 , 38 ) (124, 179, 66)
( 32 , 39 ) (124, 179, 66)
( 32 , 40 ) (124, 179, 66)
( 32 , 41 ) (124, 179, 66)
( 32 , 42 ) (124, 179, 66)
( 32 , 43 ) (124, 179, 66)
( 32 , 44 ) (0, 0, 0)
( 32 , 45 ) (0, 0, 0)
( 32 , 46 ) (0, 0, 0)
( 32 , 47 ) (0, 0, 0)
( 33 , 0 ) (0, 0, 0)
( 33 , 1 ) (0, 0, 0)
( 33 , 2 ) (0, 0, 0)
( 33 , 3 ) (0, 0, 0)
( 33 , 4 ) (33, 150, 243)
( 33 , 5 ) (33, 150, 243)
( 33 , 6 ) (33, 150, 243)
( 33 , 7 ) (33, 150, 243)
( 33 , 8 ) (33, 150, 243)
( 33 , 9 ) (33, 150, 243)
( 33 , 10 ) (33, 150, 243)
( 33 , 11 ) (135, 198, 248)
( 33 , 12 ) (218, 238, 252)
( 33 , 13 ) (134, 198, 248)
( 33 , 14 ) (33, 150, 243)
( 33 , 15 ) (33, 150, 243)
( 33 , 16 ) (0, 0, 0)
( 33 , 17 ) (0, 0, 0)
( 33 , 18 ) (21, 101, 192)
( 33 , 19 ) (21, 101, 192)
( 33 , 20 ) (21, 101, 192)
( 33 , 21 ) (21, 101, 192)
( 33 , 22 ) (21, 101, 192)
( 33 , 23 ) (27, 104, 187)
( 33 , 24 ) (27, 104, 187)
( 33 , 25 ) (21, 101, 192)
( 33 , 26 ) (21, 101, 192)
( 33 , 27 ) (21, 101, 192)
( 33 , 28 ) (21, 101, 192)
( 33 , 29 ) (21, 101, 192)
( 33 , 30 ) (0, 0, 0)
( 33 , 31 ) (0, 0, 0)
( 33 , 32 ) (124, 179, 66)
( 33 , 33 ) (124, 179, 66)
( 33 , 34 ) (124, 179, 66)
( 33 , 35 ) (124, 179, 66)
( 33 , 36 ) (127, 180, 70)
( 33 , 37 ) (124, 179, 66)
( 33 , 38 ) (124, 179, 66)
( 33 , 39 ) (127, 180, 70)
( 33 , 40 ) (124, 179, 66)
( 33 , 41 ) (124, 179, 66)
( 33 , 42 ) (124, 179, 66)
( 33 , 43 ) (124, 179, 66)
( 33 , 44 ) (0, 0, 0)
( 33 , 45 ) (0, 0, 0)
( 33 , 46 ) (0, 0, 0)
( 33 , 47 ) (0, 0, 0)
( 34 , 0 ) (0, 0, 0)
( 34 , 1 ) (0, 0, 0)
( 34 , 2 ) (0, 0, 0)
( 34 , 3 ) (0, 0, 0)
( 34 , 4 ) (33, 150, 243)
( 34 , 5 ) (150, 200, 197)
( 34 , 6 ) (245, 240, 161)
( 34 , 7 ) (149, 200, 198)
( 34 , 8 ) (33, 150, 243)
( 34 , 9 ) (33, 150, 243)
( 34 , 10 ) (33, 150, 243)
( 34 , 11 ) (219, 239, 253)
( 34 , 12 ) (227, 242, 253)
( 34 , 13 ) (223, 240, 253)
( 34 , 14 ) (33, 150, 243)
( 34 , 15 ) (33, 150, 243)
( 34 , 16 ) (0, 0, 0)
( 34 , 17 ) (0, 0, 0)
( 34 , 18 ) (21, 101, 192)
( 34 , 19 ) (21, 101, 192)
( 34 , 20 ) (21, 101, 192)
( 34 , 21 ) (21, 101, 192)
( 34 , 22 ) (27, 104, 187)
( 34 , 23 ) (184, 165, 63)
( 34 , 24 ) (184, 165, 63)
( 34 , 25 ) (27, 104, 187)
( 34 , 26 ) (21, 101, 192)
( 34 , 27 ) (21, 101, 192)
( 34 , 28 ) (21, 101, 192)
( 34 , 29 ) (21, 101, 192)
( 34 , 30 ) (0, 0, 0)
( 34 , 31 ) (0, 0, 0)
( 34 , 32 ) (124, 179, 66)
( 34 , 33 ) (124, 179, 66)
( 34 , 34 ) (124, 179, 66)
( 34 , 35 ) (207, 227, 186)
( 34 , 36 ) (254, 254, 254)
( 34 , 37 ) (192, 218, 164)
( 34 , 38 ) (207, 227, 185)
( 34 , 39 ) (254, 254, 254)
( 34 , 40 ) (193, 219, 165)
( 34 , 41 ) (124, 179, 66)
( 34 , 42 ) (124, 179, 66)
( 34 , 43 ) (124, 179, 66)
( 34 , 44 ) (0, 0, 0)
( 34 , 45 ) (0, 0, 0)
( 34 , 46 ) (0, 0, 0)
( 34 , 47 ) (0, 0, 0)
( 35 , 0 ) (0, 0, 0)
( 35 , 1 ) (0, 0, 0)
( 35 , 2 ) (0, 0, 0)
( 35 , 3 ) (0, 0, 0)
( 35 , 4 ) (33, 150, 243)
( 35 , 5 ) (245, 240, 160)
( 35 , 6 ) (255, 245, 157)
( 35 , 7 ) (245, 240, 161)
( 35 , 8 ) (33, 150, 243)
( 35 , 9 ) (90, 177, 246)
( 35 , 10 ) (206, 231, 252)
( 35 , 11 ) (222, 240, 252)
( 35 , 12 ) (227, 242, 253)
( 35 , 13 ) (227, 242, 253)
( 35 , 14 ) (33, 150, 243)
( 35 , 15 ) (33, 150, 243)
( 35 , 16 ) (0, 0, 0)
( 35 , 17 ) (0, 0, 0)
( 35 , 18 ) (21, 101, 192)
( 35 , 19 ) (21, 101, 192)
( 35 , 20 ) (21, 101, 192)
( 35 , 21 ) (255, 193, 7)
( 35 , 22 ) (255, 193, 7)
( 35 , 23 ) (255, 193, 7)
( 35 , 24 ) (255, 193, 7)
( 35 , 25 ) (255, 193, 7)
( 35 , 26 ) (255, 193, 7)
( 35 , 27 ) (21, 101, 192)
( 35 , 28 ) (21, 101, 192)
( 35 , 29 ) (21, 101, 192)
( 35 , 30 ) (0, 0, 0)
( 35 , 31 ) (0, 0, 0)
( 35 , 32 ) (124, 179, 66)
( 35 , 33 ) (124, 179, 66)
( 35 , 34 ) (127, 180, 70)
( 35 , 35 ) (253, 254, 253)
( 35 , 36 ) (255, 255, 255)
( 35 , 37 ) (244, 248, 240)
( 35 , 38 ) (254, 254, 254)
( 35 , 39 ) (255, 255, 255)
( 35 , 40 ) (241, 247, 235)
( 35 , 41 ) (124, 179, 66)
( 35 , 42 ) (124, 179, 66)
( 35 , 43 ) (124, 179, 66)
( 35 , 44 ) (0, 0, 0)
( 35 , 45 ) (0, 0, 0)
( 35 , 46 ) (0, 0, 0)
( 35 , 47 ) (0, 0, 0)
( 36 , 0 ) (0, 0, 0)
( 36 , 1 ) (0, 0, 0)
( 36 , 2 ) (0, 0, 0)
( 36 , 3 ) (0, 0, 0)
( 36 , 4 ) (33, 150, 243)
( 36 , 5 ) (149, 200, 198)
( 36 , 6 ) (244, 241, 161)
( 36 , 7 ) (148, 199, 198)
( 36 , 8 ) (33, 150, 243)
( 36 , 9 ) (206, 232, 252)
( 36 , 10 ) (227, 242, 253)
( 36 , 11 ) (227, 241, 253)
( 36 , 12 ) (227, 242, 253)
( 36 , 13 ) (227, 242, 253)
( 36 , 14 ) (33, 150, 243)
( 36 , 15 ) (33, 150, 243)
( 36 , 16 ) (0, 0, 0)
( 36 , 17 ) (0, 0, 0)
( 36 , 18 ) (21, 101, 192)
( 36 , 19 ) (21, 101, 192)
( 36 , 20 ) (27, 104, 187)
( 36 , 21 ) (255, 193, 7)
( 36 , 22 ) (255, 209, 71)
( 36 , 23 ) (255, 242, 201)
( 36 , 24 ) (255, 242, 201)
( 36 , 25 ) (255, 209, 69)
( 36 , 26 ) (255, 193, 7)
( 36 , 27 ) (27, 104, 187)
( 36 , 28 ) (21, 101, 192)
( 36 , 29 ) (21, 101, 192)
( 36 , 30 ) (0, 0, 0)
( 36 , 31 ) (0, 0, 0)
( 36 , 32 ) (124, 179, 66)
( 36 , 33 ) (127, 180, 70)
( 36 , 34 ) (177, 210, 142)
( 36 , 35 ) (209, 228, 188)
( 36 , 36 ) (253, 254, 252)
( 36 , 37 ) (255, 234, 170)
( 36 , 38 ) (255, 231, 161)
( 36 , 39 ) (251, 252, 246)
( 36 , 40 ) (205, 226, 183)
( 36 , 41 ) (171, 206, 134)
( 36 , 42 ) (125, 179, 67)
( 36 , 43 ) (124, 179, 66)
( 36 , 44 ) (0, 0, 0)
( 36 , 45 ) (0, 0, 0)
( 36 , 46 ) (0, 0, 0)
( 36 , 47 ) (0, 0, 0)
( 37 , 0 ) (0, 0, 0)
( 37 , 1 ) (0, 0, 0)
( 37 , 2 ) (0, 0, 0)
( 37 , 3 ) (0, 0, 0)
( 37 , 4 ) (33, 150, 243)
( 37 , 5 ) (33, 150, 243)
( 37 , 6 ) (33, 150, 243)
( 37 , 7 ) (33, 150, 243)
( 37 , 8 ) (33, 150, 243)
( 37 , 9 ) (206, 231, 252)
( 37 , 10 ) (227, 242, 253)
( 37 , 11 ) (227, 242, 253)
( 37 , 12 ) (227, 242, 253)
( 37 , 13 ) (227, 242, 253)
( 37 , 14 ) (33, 150, 243)
( 37 , 15 ) (33, 150, 243)
( 37 , 16 ) (0, 0, 0)
( 37 , 17 ) (0, 0, 0)
( 37 , 18 ) (21, 101, 192)
( 37 , 19 ) (27, 103, 187)
( 37 , 20 ) (184, 165, 63)
( 37 , 21 ) (255, 193, 7)
( 37 , 22 ) (255, 242, 202)
( 37 , 23 ) (255, 248, 225)
( 37 , 24 ) (255, 248, 225)
( 37 , 25 ) (255, 242, 201)
( 37 , 26 ) (255, 193, 7)
( 37 , 27 ) (184, 165, 63)
( 37 , 28 ) (27, 103, 187)
( 37 , 29 ) (21, 101, 192)
( 37 , 30 ) (0, 0, 0)
( 37 , 31 ) (0, 0, 0)
( 37 , 32 ) (124, 179, 66)
( 37 , 33 ) (181, 212, 148)
( 37 , 34 ) (255, 255, 255)
( 37 , 35 ) (255, 255, 255)
( 37 , 36 ) (247, 231, 167)
( 37 , 37 ) (255, 193, 7)
( 37 , 38 ) (255, 193, 7)
( 37 , 39 ) (250, 226, 146)
( 37 , 40 ) (255, 255, 255)
( 37 , 41 ) (255, 255, 255)
( 37 , 42 ) (166, 203, 126)
( 37 , 43 ) (124, 179, 66)
( 37 , 44 ) (0, 0, 0)
( 37 , 45 ) (0, 0, 0)
( 37 , 46 ) (0, 0, 0)
( 37 , 47 ) (0, 0, 0)
( 38 , 0 ) (0, 0, 0)
( 38 , 1 ) (0, 0, 0)
( 38 , 2 ) (0, 0, 0)
( 38 , 3 ) (0, 0, 0)
( 38 , 4 ) (33, 150, 243)
( 38 , 5 ) (33, 150, 243)
( 38 , 6 ) (33, 150, 243)
( 38 , 7 ) (33, 150, 243)
( 38 , 8 ) (90, 177, 246)
( 38 , 9 ) (212, 234, 252)
( 38 , 10 ) (224, 240, 253)
( 38 , 11 ) (220, 239, 253)
( 38 , 12 ) (227, 242, 253)
( 38 , 13 ) (227, 242, 253)
( 38 , 14 ) (33, 150, 243)
( 38 , 15 ) (33, 150, 243)
( 38 , 16 ) (0, 0, 0)
( 38 , 17 ) (0, 0, 0)
( 38 , 18 ) (21, 101, 192)
( 38 , 19 ) (27, 103, 187)
( 38 , 20 ) (190, 167, 58)
( 38 , 21 ) (255, 193, 7)
( 38 , 22 ) (255, 242, 201)
( 38 , 23 ) (255, 248, 225)
( 38 , 24 ) (255, 248, 225)
( 38 , 25 ) (255, 242, 200)
( 38 , 26 ) (255, 193, 7)
( 38 , 27 ) (190, 167, 58)
( 38 , 28 ) (27, 103, 187)
( 38 , 29 ) (21, 101, 192)
( 38 , 30 ) (0, 0, 0)
( 38 , 31 ) (0, 0, 0)
( 38 , 32 ) (124, 179, 66)
( 38 , 33 ) (175, 209, 139)
( 38 , 34 ) (255, 255, 255)
( 38 , 35 ) (255, 255, 255)
( 38 , 36 ) (241, 228, 158)
( 38 , 37 ) (255, 193, 7)
( 38 , 38 ) (255, 193, 7)
( 38 , 39 ) (246, 224, 140)
( 38 , 40 ) (255, 255, 255)
( 38 , 41 ) (255, 255, 255)
( 38 , 42 ) (159, 199, 116)
( 38 , 43 ) (124, 179, 66)
( 38 , 44 ) (0, 0, 0)
( 38 , 45 ) (0, 0, 0)
( 38 , 46 ) (0, 0, 0)
( 38 , 47 ) (0, 0, 0)
( 39 , 0 ) (0, 0, 0)
( 39 , 1 ) (0, 0, 0)
( 39 , 2 ) (0, 0, 0)
( 39 , 3 ) (0, 0, 0)
( 39 , 4 ) (33, 150, 243)
( 39 , 5 ) (33, 150, 243)
( 39 , 6 ) (33, 150, 243)
( 39 , 7 ) (33, 150, 243)
( 39 , 8 ) (206, 232, 252)
( 39 , 9 ) (227, 242, 253)
( 39 , 10 ) (227, 242, 253)
( 39 , 11 ) (221, 239, 253)
( 39 , 12 ) (227, 242, 253)
( 39 , 13 ) (227, 242, 253)
( 39 , 14 ) (33, 150, 243)
( 39 , 15 ) (33, 150, 243)
( 39 , 16 ) (0, 0, 0)
( 39 , 17 ) (0, 0, 0)
( 39 , 18 ) (21, 101, 192)
( 39 , 19 ) (21, 101, 192)
( 39 , 20 ) (28, 104, 186)
( 39 , 21 ) (255, 193, 7)
( 39 , 22 ) (255, 209, 69)
( 39 , 23 ) (255, 242, 200)
( 39 , 24 ) (255, 242, 200)
( 39 , 25 ) (255, 209, 69)
( 39 , 26 ) (255, 193, 7)
( 39 , 27 ) (28, 104, 186)
( 39 , 28 ) (21, 101, 192)
( 39 , 29 ) (21, 101, 192)
( 39 , 30 ) (0, 0, 0)
( 39 , 31 ) (0, 0, 0)
( 39 , 32 ) (124, 179, 66)
( 39 , 33 ) (125, 179, 67)
( 39 , 34 ) (163, 201, 122)
( 39 , 35 ) (201, 224, 178)
( 39 , 36 ) (254, 254, 254)
( 39 , 37 ) (255, 234, 172)
( 39 , 38 ) (255, 232, 162)
( 39 , 39 ) (254, 254, 251)
( 39 , 40 ) (204, 225, 181)
( 39 , 41 ) (156, 198, 113)
( 39 , 42 ) (124, 179, 66)
( 39 , 43 ) (124, 179, 66)
( 39 , 44 ) (0, 0, 0)
( 39 , 45 ) (0, 0, 0)
( 39 , 46 ) (0, 0, 0)
( 39 , 47 ) (0, 0, 0)
( 40 , 0 ) (0, 0, 0)
( 40 , 1 ) (0, 0, 0)
( 40 , 2 ) (0, 0, 0)
( 40 , 3 ) (0, 0, 0)
( 40 , 4 ) (33, 150, 243)
( 40 , 5 ) (33, 150, 243)
( 40 , 6 ) (33, 150, 243)
( 40 , 7 ) (33, 150, 243)
( 40 , 8 ) (206, 231, 252)
( 40 , 9 ) (227, 242, 253)
( 40 , 10 ) (227, 242, 253)
( 40 , 11 ) (226, 241, 253)
( 40 , 12 ) (227, 242, 253)
( 40 , 13 ) (227, 242, 253)
( 40 , 14 ) (33, 150, 243)
( 40 , 15 ) (33, 150, 243)
( 40 , 16 ) (0, 0, 0)
( 40 , 17 ) (0, 0, 0)
( 40 , 18 ) (21, 101, 192)
( 40 , 19 ) (21, 101, 192)
( 40 , 20 ) (21, 101, 192)
( 40 , 21 ) (255, 193, 7)
( 40 , 22 ) (255, 193, 7)
( 40 , 23 ) (255, 193, 7)
( 40 , 24 ) (255, 193, 7)
( 40 , 25 ) (255, 193, 7)
( 40 , 26 ) (255, 193, 7)
( 40 , 27 ) (21, 101, 192)
( 40 , 28 ) (21, 101, 192)
( 40 , 29 ) (21, 101, 192)
( 40 , 30 ) (0, 0, 0)
( 40 , 31 ) (0, 0, 0)
( 40 , 32 ) (124, 179, 66)
( 40 , 33 ) (124, 179, 66)
( 40 , 34 ) (124, 179, 66)
( 40 , 35 ) (250, 252, 248)
( 40 , 36 ) (255, 255, 255)
( 40 , 37 ) (251, 252, 249)
( 40 , 38 ) (253, 254, 252)
( 40 , 39 ) (255, 255, 255)
( 40 , 40 ) (242, 247, 236)
( 40 , 41 ) (124, 179, 66)
( 40 , 42 ) (124, 179, 66)
( 40 , 43 ) (124, 179, 66)
( 40 , 44 ) (0, 0, 0)
( 40 , 45 ) (0, 0, 0)
( 40 , 46 ) (0, 0, 0)
( 40 , 47 ) (0, 0, 0)
( 41 , 0 ) (0, 0, 0)
( 41 , 1 ) (0, 0, 0)
( 41 , 2 ) (0, 0, 0)
( 41 , 3 ) (0, 0, 0)
( 41 , 4 ) (33, 150, 243)
( 41 , 5 ) (33, 150, 243)
( 41 , 6 ) (33, 150, 243)
( 41 , 7 ) (33, 150, 243)
( 41 , 8 ) (89, 176, 245)
( 41 , 9 ) (205, 231, 252)
( 41 , 10 ) (205, 231, 252)
( 41 , 11 ) (215, 236, 252)
( 41 , 12 ) (227, 242, 253)
( 41 , 13 ) (223, 240, 253)
( 41 , 14 ) (33, 150, 243)
( 41 , 15 ) (33, 150, 243)
( 41 , 16 ) (0, 0, 0)
( 41 , 17 ) (0, 0, 0)
( 41 , 18 ) (21, 101, 192)
( 41 , 19 ) (21, 101, 192)
( 41 , 20 ) (21, 101, 192)
( 41 , 21 ) (21, 101, 192)
( 41 , 22 ) (28, 104, 186)
( 41 , 23 ) (190, 167, 58)
( 41 , 24 ) (190, 167, 58)
( 41 , 25 ) (28, 104, 186)
( 41 , 26 ) (21, 101, 192)
( 41 , 27 ) (21, 101, 192)
( 41 , 28 ) (21, 101, 192)
( 41 , 29 ) (21, 101, 192)
( 41 , 30 ) (0, 0, 0)
( 41 , 31 ) (0, 0, 0)
( 41 , 32 ) (124, 179, 66)
( 41 , 33 ) (124, 179, 66)
( 41 , 34 ) (124, 179, 66)
( 41 , 35 ) (193, 219, 166)
( 41 , 36 ) (248, 251, 245)
( 41 , 37 ) (192, 218, 164)
( 41 , 38 ) (193, 219, 165)
( 41 , 39 ) (241, 247, 235)
( 41 , 40 ) (181, 212, 148)
( 41 , 41 ) (124, 179, 66)
( 41 , 42 ) (124, 179, 66)
( 41 , 43 ) (124, 179, 66)
( 41 , 44 ) (0, 0, 0)
( 41 , 45 ) (0, 0, 0)
( 41 , 46 ) (0, 0, 0)
( 41 , 47 ) (0, 0, 0)
( 42 , 0 ) (0, 0, 0)
( 42 , 1 ) (0, 0, 0)
( 42 , 2 ) (0, 0, 0)
( 42 , 3 ) (0, 0, 0)
( 42 , 4 ) (33, 150, 243)
( 42 , 5 ) (33, 150, 243)
( 42 , 6 ) (33, 150, 243)
( 42 , 7 ) (33, 150, 243)
( 42 , 8 ) (33, 150, 243)
( 42 , 9 ) (33, 150, 243)
( 42 , 10 ) (33, 150, 243)
( 42 , 11 ) (134, 198, 248)
( 42 , 12 ) (217, 238, 252)
( 42 , 13 ) (134, 197, 248)
( 42 , 14 ) (33, 150, 243)
( 42 , 15 ) (33, 150, 243)
( 42 , 16 ) (0, 0, 0)
( 42 , 17 ) (0, 0, 0)
( 42 , 18 ) (21, 101, 192)
( 42 , 19 ) (21, 101, 192)
( 42 , 20 ) (21, 101, 192)
( 42 , 21 ) (21, 101, 192)
( 42 , 22 ) (21, 101, 192)
( 42 , 23 ) (28, 104, 186)
( 42 , 24 ) (28, 104, 186)
( 42 , 25 ) (21, 101, 192)
( 42 , 26 ) (21, 101, 192)
( 42 , 27 ) (21, 101, 192)
( 42 , 28 ) (21, 101, 192)
( 42 , 29 ) (21, 101, 192)
( 42 , 30 ) (0, 0, 0)
( 42 , 31 ) (0, 0, 0)
( 42 , 32 ) (124, 179, 66)
( 42 , 33 ) (124, 179, 66)
( 42 , 34 ) (124, 179, 66)
( 42 , 35 ) (124, 179, 66)
( 42 , 36 ) (124, 179, 66)
( 42 , 37 ) (124, 179, 66)
( 42 , 38 ) (124, 179, 66)
( 42 , 39 ) (124, 179, 66)
( 42 , 40 ) (124, 179, 66)
( 42 , 41 ) (124, 179, 66)
( 42 , 42 ) (124, 179, 66)
( 42 , 43 ) (124, 179, 66)
( 42 , 44 ) (0, 0, 0)
( 42 , 45 ) (0, 0, 0)
( 42 , 46 ) (0, 0, 0)
( 42 , 47 ) (0, 0, 0)
( 43 , 0 ) (0, 0, 0)
( 43 , 1 ) (0, 0, 0)
( 43 , 2 ) (0, 0, 0)
( 43 , 3 ) (0, 0, 0)
( 43 , 4 ) (33, 150, 243)
( 43 , 5 ) (33, 150, 243)
( 43 , 6 ) (33, 150, 243)
( 43 , 7 ) (33, 150, 243)
( 43 , 8 ) (33, 150, 243)
( 43 , 9 ) (33, 150, 243)
( 43 , 10 ) (33, 150, 243)
( 43 , 11 ) (33, 150, 243)
( 43 , 12 ) (33, 150, 243)
( 43 , 13 ) (33, 150, 243)
( 43 , 14 ) (33, 150, 243)
( 43 , 15 ) (33, 150, 243)
( 43 , 16 ) (0, 0, 0)
( 43 , 17 ) (0, 0, 0)
( 43 , 18 ) (21, 101, 192)
( 43 , 19 ) (21, 101, 192)
( 43 , 20 ) (21, 101, 192)
( 43 , 21 ) (21, 101, 192)
( 43 , 22 ) (21, 101, 192)
( 43 , 23 ) (21, 101, 192)
( 43 , 24 ) (21, 101, 192)
( 43 , 25 ) (21, 101, 192)
( 43 , 26 ) (21, 101, 192)
( 43 , 27 ) (21, 101, 192)
( 43 , 28 ) (21, 101, 192)
( 43 , 29 ) (21, 101, 192)
( 43 , 30 ) (0, 0, 0)
( 43 , 31 ) (0, 0, 0)
( 43 , 32 ) (124, 179, 66)
( 43 , 33 ) (124, 179, 66)
( 43 , 34 ) (124, 179, 66)
( 43 , 35 ) (124, 179, 66)
( 43 , 36 ) (124, 179, 66)
( 43 , 37 ) (124, 179, 66)
( 43 , 38 ) (124, 179, 66)
( 43 , 39 ) (124, 179, 66)
( 43 , 40 ) (124, 179, 66)
( 43 , 41 ) (124, 179, 66)
( 43 , 42 ) (124, 179, 66)
( 43 , 43 ) (124, 179, 66)
( 43 , 44 ) (0, 0, 0)
( 43 , 45 ) (0, 0, 0)
( 43 , 46 ) (0, 0, 0)
( 43 , 47 ) (0, 0, 0)
( 44 , 0 ) (0, 0, 0)
( 44 , 1 ) (0, 0, 0)
( 44 , 2 ) (0, 0, 0)
( 44 , 3 ) (0, 0, 0)
( 44 , 4 ) (0, 0, 0)
( 44 , 5 ) (0, 0, 0)
( 44 , 6 ) (0, 0, 0)
( 44 , 7 ) (0, 0, 0)
( 44 , 8 ) (0, 0, 0)
( 44 , 9 ) (0, 0, 0)
( 44 , 10 ) (0, 0, 0)
( 44 , 11 ) (0, 0, 0)
( 44 , 12 ) (0, 0, 0)
( 44 , 13 ) (0, 0, 0)
( 44 , 14 ) (0, 0, 0)
( 44 , 15 ) (0, 0, 0)
( 44 , 16 ) (0, 0, 0)
( 44 , 17 ) (0, 0, 0)
( 44 , 18 ) (0, 0, 0)
( 44 , 19 ) (0, 0, 0)
( 44 , 20 ) (0, 0, 0)
( 44 , 21 ) (0, 0, 0)
( 44 , 22 ) (0, 0, 0)
( 44 , 23 ) (0, 0, 0)
( 44 , 24 ) (0, 0, 0)
( 44 , 25 ) (0, 0, 0)
( 44 , 26 ) (0, 0, 0)
( 44 , 27 ) (0, 0, 0)
( 44 , 28 ) (0, 0, 0)
( 44 , 29 ) (0, 0, 0)
( 44 , 30 ) (0, 0, 0)
( 44 , 31 ) (0, 0, 0)
( 44 , 32 ) (0, 0, 0)
( 44 , 33 ) (0, 0, 0)
( 44 , 34 ) (0, 0, 0)
( 44 , 35 ) (0, 0, 0)
( 44 , 36 ) (0, 0, 0)
( 44 , 37 ) (0, 0, 0)
( 44 , 38 ) (0, 0, 0)
( 44 , 39 ) (0, 0, 0)
( 44 , 40 ) (0, 0, 0)
( 44 , 41 ) (0, 0, 0)
( 44 , 42 ) (0, 0, 0)
( 44 , 43 ) (0, 0, 0)
( 44 , 44 ) (0, 0, 0)
( 44 , 45 ) (0, 0, 0)
( 44 , 46 ) (0, 0, 0)
( 44 , 47 ) (0, 0, 0)
( 45 , 0 ) (0, 0, 0)
( 45 , 1 ) (0, 0, 0)
( 45 , 2 ) (0, 0, 0)
( 45 , 3 ) (0, 0, 0)
( 45 , 4 ) (0, 0, 0)
( 45 , 5 ) (0, 0, 0)
( 45 , 6 ) (0, 0, 0)
( 45 , 7 ) (0, 0, 0)
( 45 , 8 ) (0, 0, 0)
( 45 , 9 ) (0, 0, 0)
( 45 , 10 ) (0, 0, 0)
( 45 , 11 ) (0, 0, 0)
( 45 , 12 ) (0, 0, 0)
( 45 , 13 ) (0, 0, 0)
( 45 , 14 ) (0, 0, 0)
( 45 , 15 ) (0, 0, 0)
( 45 , 16 ) (0, 0, 0)
( 45 , 17 ) (0, 0, 0)
( 45 , 18 ) (0, 0, 0)
( 45 , 19 ) (0, 0, 0)
( 45 , 20 ) (0, 0, 0)
( 45 , 21 ) (0, 0, 0)
( 45 , 22 ) (0, 0, 0)
( 45 , 23 ) (0, 0, 0)
( 45 , 24 ) (0, 0, 0)
( 45 , 25 ) (0, 0, 0)
( 45 , 26 ) (0, 0, 0)
( 45 , 27 ) (0, 0, 0)
( 45 , 28 ) (0, 0, 0)
( 45 , 29 ) (0, 0, 0)
( 45 , 30 ) (0, 0, 0)
( 45 , 31 ) (0, 0, 0)
( 45 , 32 ) (0, 0, 0)
( 45 , 33 ) (0, 0, 0)
( 45 , 34 ) (0, 0, 0)
( 45 , 35 ) (0, 0, 0)
( 45 , 36 ) (0, 0, 0)
( 45 , 37 ) (0, 0, 0)
( 45 , 38 ) (0, 0, 0)
( 45 , 39 ) (0, 0, 0)
( 45 , 40 ) (0, 0, 0)
( 45 , 41 ) (0, 0, 0)
( 45 , 42 ) (0, 0, 0)
( 45 , 43 ) (0, 0, 0)
( 45 , 44 ) (0, 0, 0)
( 45 , 45 ) (0, 0, 0)
( 45 , 46 ) (0, 0, 0)
( 45 , 47 ) (0, 0, 0)
( 46 , 0 ) (0, 0, 0)
( 46 , 1 ) (0, 0, 0)
( 46 , 2 ) (0, 0, 0)
( 46 , 3 ) (0, 0, 0)
( 46 , 4 ) (0, 0, 0)
( 46 , 5 ) (0, 0, 0)
( 46 , 6 ) (0, 0, 0)
( 46 , 7 ) (0, 0, 0)
( 46 , 8 ) (0, 0, 0)
( 46 , 9 ) (0, 0, 0)
( 46 , 10 ) (0, 0, 0)
( 46 , 11 ) (0, 0, 0)
( 46 , 12 ) (0, 0, 0)
( 46 , 13 ) (0, 0, 0)
( 46 , 14 ) (0, 0, 0)
( 46 , 15 ) (0, 0, 0)
( 46 , 16 ) (0, 0, 0)
( 46 , 17 ) (0, 0, 0)
( 46 , 18 ) (0, 0, 0)
( 46 , 19 ) (0, 0, 0)
( 46 , 20 ) (0, 0, 0)
( 46 , 21 ) (0, 0, 0)
( 46 , 22 ) (0, 0, 0)
( 46 , 23 ) (0, 0, 0)
( 46 , 24 ) (0, 0, 0)
( 46 , 25 ) (0, 0, 0)
( 46 , 26 ) (0, 0, 0)
( 46 , 27 ) (0, 0, 0)
( 46 , 28 ) (0, 0, 0)
( 46 , 29 ) (0, 0, 0)
( 46 , 30 ) (0, 0, 0)
( 46 , 31 ) (0, 0, 0)
( 46 , 32 ) (0, 0, 0)
( 46 , 33 ) (0, 0, 0)
( 46 , 34 ) (0, 0, 0)
( 46 , 35 ) (0, 0, 0)
( 46 , 36 ) (0, 0, 0)
( 46 , 37 ) (0, 0, 0)
( 46 , 38 ) (0, 0, 0)
( 46 , 39 ) (0, 0, 0)
( 46 , 40 ) (0, 0, 0)
( 46 , 41 ) (0, 0, 0)
( 46 , 42 ) (0, 0, 0)
( 46 , 43 ) (0, 0, 0)
( 46 , 44 ) (0, 0, 0)
( 46 , 45 ) (0, 0, 0)
( 46 , 46 ) (0, 0, 0)
( 46 , 47 ) (0, 0, 0)
( 47 , 0 ) (0, 0, 0)
( 47 , 1 ) (0, 0, 0)
( 47 , 2 ) (0, 0, 0)
( 47 , 3 ) (0, 0, 0)
( 47 , 4 ) (0, 0, 0)
( 47 , 5 ) (0, 0, 0)
( 47 , 6 ) (0, 0, 0)
( 47 , 7 ) (0, 0, 0)
( 47 , 8 ) (0, 0, 0)
( 47 , 9 ) (0, 0, 0)
( 47 , 10 ) (0, 0, 0)
( 47 , 11 ) (0, 0, 0)
( 47 , 12 ) (0, 0, 0)
( 47 , 13 ) (0, 0, 0)
( 47 , 14 ) (0, 0, 0)
( 47 , 15 ) (0, 0, 0)
( 47 , 16 ) (0, 0, 0)
( 47 , 17 ) (0, 0, 0)
( 47 , 18 ) (0, 0, 0)
( 47 , 19 ) (0, 0, 0)
( 47 , 20 ) (0, 0, 0)
( 47 , 21 ) (0, 0, 0)
( 47 , 22 ) (0, 0, 0)
( 47 , 23 ) (0, 0, 0)
( 47 , 24 ) (0, 0, 0)
( 47 , 25 ) (0, 0, 0)
( 47 , 26 ) (0, 0, 0)
( 47 , 27 ) (0, 0, 0)
( 47 , 28 ) (0, 0, 0)
( 47 , 29 ) (0, 0, 0)
( 47 , 30 ) (0, 0, 0)
( 47 , 31 ) (0, 0, 0)
( 47 , 32 ) (0, 0, 0)
( 47 , 33 ) (0, 0, 0)
( 47 , 34 ) (0, 0, 0)
( 47 , 35 ) (0, 0, 0)
( 47 , 36 ) (0, 0, 0)
( 47 , 37 ) (0, 0, 0)
( 47 , 38 ) (0, 0, 0)
( 47 , 39 ) (0, 0, 0)
( 47 , 40 ) (0, 0, 0)
( 47 , 41 ) (0, 0, 0)
( 47 , 42 ) (0, 0, 0)
( 47 , 43 ) (0, 0, 0)
( 47 , 44 ) (0, 0, 0)
( 47 , 45 ) (0, 0, 0)
( 47 , 46 ) (0, 0, 0)
( 47 , 47 ) (0, 0, 0)
